LINK_MODEL_BASED::ORIGINAL::Left Knee Angles
File	Frame	X 	Y 	Z 
Gait LB - CAST 1.c3d	1	18.162088	4.725989	-12.337853
 - 	2	19.863817	4.639131	-11.385347
 - 	3	21.684875	4.455694	-10.374933
 - 	4	23.612701	4.161387	-9.319784
 - 	5	25.619671	3.746106	-8.226559
 - 	6	27.663334	3.209036	-7.105891
 - 	7	29.692513	2.565558	-5.977538
 - 	8	31.656933	1.851066	-4.864653
 - 	9	33.516666	1.123415	-3.787248
 - 	10	35.247295	0.460516	-2.761179
 - 	11	36.838306	-0.057781	-1.801638
 - 	12	38.286873	-0.377541	-0.928859
 - 	13	39.591366	-0.484867	-0.175025
 - 	14	40.748344	-0.399639	0.411629
 - 	15	41.751766	-0.161692	0.773123
 - 	16	42.595173	0.182470	0.859334
 - 	17	43.276756	0.590434	0.646171
 - 	18	43.803925	1.030370	0.147365
 - 	19	44.194523	1.484096	-0.585644
 - 	20	44.473228	1.948327	-1.477278
 - 	21	44.666000	2.432632	-2.448110
 - 	22	44.795403	2.948726	-3.420350
 - 	23	44.880348	3.497709	-4.311962
 - 	24	44.939144	4.064579	-5.041271
 - 	25	44.991714	4.620126	-5.540334
 - 	26	45.058731	5.124895	-5.761282
 - 	27	45.158794	5.534904	-5.679500
 - 	28	45.305573	5.812860	-5.300903
 - 	29	45.506069	5.939927	-4.666973
 - 	30	45.760811	5.917181	-3.848567
 - 	31	46.066792	5.760148	-2.931277
 - 	32	46.422981	5.493495	-1.998127
 - 	33	46.835995	5.145720	-1.116939
 - 	34	47.322956	4.737988	-0.332712
 - 	35	47.912281	4.272582	0.332559
 - 	36	48.641624	3.734409	0.868337
 - 	37	49.552128	3.108900	1.260363
 - 	38	50.681858	2.408253	1.492775
 - 	39	52.060669	1.701438	1.564854
 - 	40	53.700790	1.129837	1.506387
 - 	41	55.577251	0.867533	1.378706
 - 	42	57.614178	1.024304	1.262145
 - 	43	59.701092	1.578434	1.235197
 - 	44	61.729046	2.402600	1.352907
 - 	45	63.617245	3.337254	1.629035
 - 	46	65.323097	4.244700	2.029956
 - 	47	66.844658	5.036479	2.485651
 - 	48	68.215378	5.682169	2.916085
 - 	49	69.486626	6.199511	3.260443
 - 	50	70.703957	6.629506	3.495930
 - 	51	71.891319	7.008483	3.641347
 - 	52	73.050194	7.351162	3.747245
 - 	53	74.168694	7.649285	3.874610
 - 	54	75.232239	7.881864	4.070334
 - 	55	76.230087	8.028311	4.350746
 - 	56	77.157982	8.078663	4.697429
 - 	57	78.018021	8.037378	5.065483
 - 	58	78.815765	7.920520	5.398560
 - 	59	79.555901	7.746929	5.646460
 - 	60	80.238609	7.528561	5.776680
 - 	61	80.860672	7.266796	5.778374
 - 	62	81.418861	6.956269	5.660324
 - 	63	81.912102	6.592282	5.448119
 - 	64	82.340660	6.177740	5.179190
 - 	65	82.703644	5.726548	4.895764
 - 	66	82.997543	5.261352	4.634521
 - 	67	83.215065	4.806592	4.418162
 - 	68	83.345833	4.381123	4.251163
 - 	69	83.377831	3.993216	4.121596
 - 	70	83.299316	3.639745	4.007323
 - 	71	83.099655	3.310269	3.884762
 - 	72	82.767708	2.993115	3.737236
 - 	73	82.289246	2.679746	3.559992
 - 	74	81.644203	2.365459	3.360490
 - 	75	80.805428	2.047632	3.154967
 - 	76	79.738625	1.724590	2.963378
 - 	77	78.403313	1.394726	2.804669
 - 	78	76.754074	1.055663	2.693581
 - 	79	74.741142	0.702583	2.640557
 - 	80	72.312271	0.328022	2.653649
 - 	81	69.415764	-0.072518	2.739755
 - 	82	66.003624	-0.483922	2.898998
 - 	83	62.033478	-0.850397	3.105112
 - 	84	57.470989	-1.076393	3.276025
 - 	85	52.294182	-1.066882	3.260188
 - 	86	46.507874	-0.775586	2.853922
 - 	87	40.178173	-0.225491	1.841018
 - 	88	33.478996	0.498383	0.052934
 - 	89	26.727144	1.271967	-2.547779
 - 	90	20.378197	1.973421	-5.794275
 - 	91	14.966150	2.536724	-9.322673
 - 	92	10.989964	2.973801	-12.691062
 - 	93	8.779770	3.334726	-15.539878
 - 	94	8.396013	3.647021	-17.674917
 - 	95	9.612617	3.899350	-19.032774
 - 	96	11.989953	4.065615	-19.592630
 - 	97	14.988787	4.126637	-19.330357
 - 	98	18.073034	4.075496	-18.250387
 - 	99	20.786625	3.915958	-16.448784
 - 	100	22.807919	3.660594	-14.139135
 - 	101	23.980804	3.330966	-11.631842
 - 	102	24.318562	2.963203	-9.284969
 - 	103	23.975817	2.611960	-7.434595
 - 	104	23.191389	2.338632	-6.313016
 - 	105	22.218073	2.187379	-5.991640
 - 	106	21.266420	2.171678	-6.385088
 - 	107	20.479923	2.273566	-7.290586
 - 	108	19.941305	2.456687	-8.454361
 - 	109	19.688934	2.678239	-9.631051
 - 	110	19.727703	2.897536	-10.632985
 - 	111	20.032242	3.084056	-11.355424
 - 	112	20.549793	3.223725	-11.769629
 - 	113	21.206463	3.315868	-11.896043
 - 	114	21.917379	3.361580	-11.776702
 - 	115	22.599728	3.361135	-11.463451
 - 	116	23.185654	3.322047	-11.016897
 - 	117	23.630814	3.261582	-10.503907
 - 	118	23.916672	3.199601	-9.990125
 - 	119	24.047009	3.151011	-9.530257
 - 	120	24.042519	3.123108	-9.159252
 - 	121	23.935163	3.117232	-8.887232
 - 	122	23.763235	3.130538	-8.703598
 - 	123	23.566839	3.156580	-8.585818
 - 	124	23.383894	3.187826	-8.510709
 - 	125	23.246449	3.216694	-8.464124
 - 	126	23.177666	3.237209	-8.448120
 - 	127	23.190256	3.245188	-8.480987
 - 	128	23.286671	3.240011	-8.590757
 - 	129	23.462324	3.226542	-8.804998
 - 	130	23.709677	3.216919	-9.139753
 - 	131	24.022715	3.229105	-9.584279
 - 	132	24.403641	3.287217	-10.102534
 - 	133	24.867588	3.412986	-10.633918
 - 	134	25.448444	3.616686	-11.102968
 - 	135	26.204090	3.892257	-11.419335
 - 	136	27.220953	4.217577	-11.481247
 - 	137	28.612339	4.557344	-11.192482
 - 	138	30.504248	4.862680	-10.492368
 - 	139	33.001007	5.066334	-9.393101
 - 	140	36.126511	5.082063	-8.000079
 - 	141	39.773808	4.832329	-6.483148
 - 	142	43.737564	4.290310	-5.001240
 - 	143	47.831745	3.476508	-3.654295
 - 	144	51.975624	2.436411	-2.504636
 - 	145	56.170197	1.289369	-1.606314
 - 	146	60.410080	0.283528	-0.974692
 - 	147	64.610138	-0.292106	-0.529667
 - 	148	68.604454	-0.296113	-0.111532
 - 	149	72.219254	0.163723	0.421880
 - 	150	75.344444	0.797575	1.109220
 - 	151	77.948524	1.297114	1.879023
 - 	152	80.059135	1.478872	2.600822
 - 	153	81.741936	1.329024	3.143373
 - 	154	83.084595	0.956188	3.410879
 - 	155	84.185608	0.510300	3.366174
 - 	156	85.138725	0.117804	3.041184
 - 	157	86.005997	-0.148329	2.527264
 - 	158	86.799408	-0.269373	1.946586
 - 	159	87.488983	-0.267391	1.420407
 - 	160	88.029610	-0.183357	1.042330
 - 	161	88.387177	-0.057268	0.861746
 - 	162	88.553162	0.084070	0.880423
 - 	163	88.545532	0.229726	1.062455
 - 	164	88.400139	0.381851	1.351496
 - 	165	88.157898	0.551268	1.687415
 - 	166	87.852249	0.750297	2.021125
 - 	167	87.501144	0.986298	2.321441
 - 	168	87.106316	1.257483	2.575481
 - 	169	86.658157	1.551304	2.783171
 - 	170	86.143478	1.846800	2.950876
 - 	171	85.552101	2.119206	3.087109
 - 	172	84.880234	2.347321	3.199628
 - 	173	84.130531	2.519384	3.295208
 - 	174	83.309593	2.635523	3.380776
 - 	175	82.424866	2.706250	3.463975
 - 	176	81.482323	2.749064	3.551396
 - 	177	80.485840	2.784464	3.644207
 - 	178	79.437691	2.834659	3.733280
 - 	179	78.339188	2.921888	3.797271
 - 	180	77.190231	3.059880	3.809419
 - 	181	75.988991	3.240664	3.752244
 - 	182	74.732735	3.427434	3.627702
 - 	183	73.419540	3.565350	3.453292
 - 	184	72.049049	3.602462	3.248820
 - 	185	70.622925	3.507559	3.029806
 - 	186	69.146141	3.280340	2.810349
 - 	187	67.627319	2.959399	2.604555
 - 	188	66.074127	2.598773	2.425113
 - 	189	64.489372	2.236045	2.277543
 - 	190	62.871197	1.875515	2.159526
 - 	191	61.216595	1.502611	2.067412
 - 	192	59.524826	1.114897	2.000544
 - 	193	57.795593	0.724700	1.962003
 - 	194	56.027569	0.353799	1.946226
 - 	195	54.218334	0.026815	1.927740
 - 	196	52.366257	-0.235177	1.866698
 - 	197	50.471107	-0.422244	1.726241
 - 	198	48.533169	-0.537884	1.485642
 - 	199	46.553013	-0.595079	1.139797
 - 	200	44.532166	-0.611668	0.693982
 - 	201	42.474457	-0.607195	0.158585
 - 	202	40.387085	-0.600251	-0.453832
 - 	203	38.281136	-0.604263	-1.130055
 - 	204	36.171379	-0.621958	-1.855579
 - 	205	34.075756	-0.639139	-2.613474
 - 	206	32.013870	-0.623301	-3.386502
 - 	207	30.003426	-0.536921	-4.161131
 - 	208	28.056229	-0.361114	-4.927064
 - 	209	26.177221	-0.107913	-5.668960
 - 	210	24.367897	0.191509	-6.363959
 - 	211	22.630455	0.509211	-6.987819
 - 	212	20.969774	0.830450	-7.524589
 - 	213	19.393274	1.149410	-7.972109
 - 	214	17.910461	1.462023	-8.341977
 - 	215	16.533901	1.763461	-8.652236
 - 	216	15.280435	2.049089	-8.916840
 - 	217	14.171445	2.314671	-9.140698
 - 	218	13.231212	2.555323	-9.320614
 - 	219	12.483474	2.764421	-9.447477
 - 	220	11.947605	2.936768	-9.512671
 - 	221	11.631414	3.069203	-9.506698
 - 	222	11.527277	3.161904	-9.432096
 - 	223	11.610936	3.217492	-9.308183
 - 	224	11.844127	3.239882	-9.166683
 - 	225	12.179035	3.233493	-9.034884
 - 	226	12.564594	3.204348	-8.932147
 - 	227	12.950726	3.159009	-8.864167
 - 	228	13.292837	3.103876	-8.828906
 - 	229	13.554747	3.044265	-8.818818
 - 	230	13.711499	2.984474	-8.822692
 - 	231	13.751845	2.927451	-8.828450
 - 	232	13.679701	2.874659	-8.827900
 - 	233	13.512981	2.826780	-8.819021
 - 	234	13.279688	2.785222	-8.803481
 - 	235	13.012580	2.751713	-8.783440
 - 	236	12.743642	2.726697	-8.760209
 - 	237	12.500825	2.710135	-8.740770
 - 	238	12.304346	2.700365	-8.729839
 - 	239	12.166029	2.695875	-8.729657
 - 	240	12.089295	2.695743	-8.738980
 - 	241	12.070134	2.699742	-8.755898
 - 	242	12.098856	2.707876	-8.779148
 - 	243	12.161967	2.719381	-8.806613
 - 	244	12.243872	2.732912	-8.835295
 - 	245	12.328780	2.747184	-8.862587
 - 	246	12.402166	2.761242	-8.889807
 - 	247	12.452281	2.774507	-8.923188
 - 	248	12.471357	2.786505	-8.967441
 - 	249	12.456783	2.797032	-9.019308
 - 	250	12.410048	2.805113	-9.065925
 - 	251	12.335997	2.810939	-9.102685
 - 	252	12.240959	2.814582	-9.132939
 - 	253	12.132346	2.816639	-9.162009
 - 	254	12.018003	2.818044	-9.190845
 - 	255	11.905487	2.819708	-9.216445
 - 	256	11.801014	2.822497	-9.236712
 - 	257	11.708714	2.826533	-9.253433
 - 	258	11.630120	2.831141	-9.269424
 - 	259	11.565179	2.836392	-9.291577
 - 	260	11.511607	2.841735	-9.324446
 - 	261	11.466786	2.847779	-9.373210
 - 	262	11.428492	2.855787	-9.440723
 - 	263	11.395043	2.867664	-9.525918
 - 	264	11.365124	2.884665	-9.623066
 - 	265	11.337469	2.906869	-9.723493
 - 	266	11.310965	2.932582	-9.818454
 - 	267	11.284842	2.958771	-9.901253
