LINK_MODEL_BASED::ORIGINAL::Left Ankle Angles
File	Frame	X 	Y 	Z 
Gait LB - CAST 1.c3d	1	3.820103	18.689135	0.735766
 - 	2	4.107159	19.049971	1.244141
 - 	3	4.315259	19.452063	1.803516
 - 	4	4.398596	19.917263	2.423061
 - 	5	4.320823	20.481016	3.107943
 - 	6	4.061297	21.192766	3.857346
 - 	7	3.618066	22.110388	4.662718
 - 	8	3.010453	23.288486	5.502213
 - 	9	2.282727	24.757750	6.332892
 - 	10	1.507513	26.499239	7.088748
 - 	11	0.782939	28.432261	7.691884
 - 	12	0.218358	30.424009	8.073759
 - 	13	-0.090589	32.310219	8.195743
 - 	14	-0.091259	33.927601	8.062961
 - 	15	0.203486	35.157986	7.729645
 - 	16	0.714225	35.963387	7.291275
 - 	17	1.318021	36.388626	6.865949
 - 	18	1.884931	36.531052	6.568399
 - 	19	2.311617	36.500893	6.482964
 - 	20	2.542086	36.389641	6.641440
 - 	21	2.571653	36.254475	7.016046
 - 	22	2.437653	36.118767	7.530067
 - 	23	2.205682	35.983044	8.079129
 - 	24	1.955235	35.841053	8.555307
 - 	25	1.764882	35.691753	8.868835
 - 	26	1.699407	35.542248	8.961457
 - 	27	1.802145	35.403362	8.810551
 - 	28	2.095076	35.277142	8.425460
 - 	29	2.584688	35.138981	7.838058
 - 	30	3.267398	34.932327	7.091655
 - 	31	4.131790	34.587776	6.231110
 - 	32	5.160205	34.052860	5.294776
 - 	33	6.328330	33.306469	4.311740
 - 	34	7.599483	32.357971	3.305534
 - 	35	8.917387	31.248638	2.299939
 - 	36	10.205242	30.057577	1.321095
 - 	37	11.380196	28.896912	0.392909
 - 	38	12.383492	27.885881	-0.475372
 - 	39	13.205781	27.108900	-1.297613
 - 	40	13.884805	26.580538	-2.101640
 - 	41	14.475224	26.245907	-2.903893
 - 	42	15.018043	26.017138	-3.696188
 - 	43	15.532070	25.811615	-4.456563
 - 	44	16.021427	25.575815	-5.164806
 - 	45	16.482635	25.298210	-5.803708
 - 	46	16.907906	25.005701	-6.350548
 - 	47	17.288919	24.741083	-6.771021
 - 	48	17.620998	24.536015	-7.025405
 - 	49	17.903027	24.396172	-7.085678
 - 	50	18.134163	24.301880	-6.952820
 - 	51	18.314775	24.218895	-6.666282
 - 	52	18.452702	24.111828	-6.301196
 - 	53	18.568649	23.954727	-5.950855
 - 	54	18.693699	23.736774	-5.700309
 - 	55	18.859507	23.463448	-5.603772
 - 	56	19.087187	23.154024	-5.673673
 - 	57	19.381702	22.836357	-5.883867
 - 	58	19.733236	22.540600	-6.183570
 - 	59	20.123320	22.292692	-6.516478
 - 	60	20.532024	22.110159	-6.836361
 - 	61	20.944292	22.000425	-7.115200
 - 	62	21.353777	21.960726	-7.344233
 - 	63	21.763142	21.979666	-7.532626
 - 	64	22.180784	22.040077	-7.702986
 - 	65	22.616341	22.123194	-7.883624
 - 	66	23.076254	22.213322	-8.097655
 - 	67	23.560057	22.301302	-8.354359
 - 	68	24.058237	22.385521	-8.645271
 - 	69	24.552633	22.471804	-8.947533
 - 	70	25.019272	22.572083	-9.231252
 - 	71	25.432350	22.700445	-9.468497
 - 	72	25.767176	22.866726	-9.640064
 - 	73	26.001127	23.072025	-9.738355
 - 	74	26.112930	23.307777	-9.765480
 - 	75	26.081202	23.557577	-9.728032
 - 	76	25.883238	23.800760	-9.630898
 - 	77	25.494099	24.017658	-9.472285
 - 	78	24.885565	24.196320	-9.240772
 - 	79	24.023705	24.337545	-8.915481
 - 	80	22.864410	24.456112	-8.468751
 - 	81	21.348728	24.581621	-7.869905
 - 	82	19.399895	24.759626	-7.088842
 - 	83	16.922398	25.047495	-6.097494
 - 	84	13.805264	25.502903	-4.868920
 - 	85	9.933815	26.169949	-3.377614
 - 	86	5.214520	27.069395	-1.604540
 - 	87	-0.384009	28.191515	0.450667
 - 	88	-6.773092	29.490080	2.742177
 - 	89	-13.677024	30.889643	5.135797
 - 	90	-20.598022	32.309280	7.391436
 - 	91	-26.884365	33.657551	9.233180
 - 	92	-31.933430	34.767624	10.499838
 - 	93	-35.436306	35.380260	11.252989
 - 	94	-37.466549	35.298271	11.723619
 - 	95	-38.327938	34.575256	12.129185
 - 	96	-38.333942	33.520985	12.521583
 - 	97	-37.706062	32.536079	12.777195
 - 	98	-36.581062	31.932262	12.690722
 - 	99	-35.052174	31.838947	12.088153
 - 	100	-33.209030	32.200939	10.907853
 - 	101	-31.166788	32.830391	9.236967
 - 	102	-29.076031	33.485657	7.302235
 - 	103	-27.105251	33.955204	5.409860
 - 	104	-25.399776	34.118481	3.845759
 - 	105	-24.046696	33.964348	2.788278
 - 	106	-23.068663	33.566711	2.277556
 - 	107	-22.437464	33.039604	2.239308
 - 	108	-22.089703	32.495434	2.532666
 - 	109	-21.939575	32.023594	2.996868
 - 	110	-21.895372	31.685968	3.488494
 - 	111	-21.876894	31.517683	3.904630
 - 	112	-21.825729	31.529404	4.188376
 - 	113	-21.709532	31.710611	4.323651
 - 	114	-21.522860	32.033134	4.327398
 - 	115	-21.283665	32.456837	4.240428
 - 	116	-21.024948	32.937168	4.115537
 - 	117	-20.786049	33.434391	4.007034
 - 	118	-20.606239	33.922428	3.963677
 - 	119	-20.518774	34.395699	4.022762
 - 	120	-20.543938	34.865532	4.203527
 - 	121	-20.683926	35.347137	4.502614
 - 	122	-20.925003	35.847851	4.897773
 - 	123	-21.244495	36.362587	5.355434
 - 	124	-21.618635	36.875889	5.838632
 - 	125	-22.030109	37.368908	6.314725
 - 	126	-22.475863	37.825699	6.764254
 - 	127	-22.973923	38.236507	7.188861
 - 	128	-23.565775	38.594433	7.614980
 - 	129	-24.310022	38.888435	8.090886
 - 	130	-25.263899	39.097721	8.673072
 - 	131	-26.452328	39.187542	9.403512
 - 	132	-27.831999	39.111797	10.285236
 - 	133	-29.265350	38.821953	11.271274
 - 	134	-30.514359	38.282372	12.274310
 - 	135	-31.251028	37.486675	13.182557
 - 	136	-31.087156	36.470432	13.875176
 - 	137	-29.631462	35.312725	14.230353
 - 	138	-26.585917	34.117283	14.129139
 - 	139	-21.883867	32.964821	13.479453
 - 	140	-15.813725	31.869837	12.267958
 - 	141	-9.006921	30.792894	10.588821
 - 	142	-2.239806	29.694357	8.613598
 - 	143	3.827208	28.584827	6.544239
 - 	144	8.820992	27.555351	4.552284
 - 	145	12.677317	26.734713	2.711083
 - 	146	15.538939	26.185165	0.998481
 - 	147	17.622774	25.854647	-0.631779
 - 	148	19.139782	25.631697	-2.195274
 - 	149	20.276627	25.425188	-3.677061
 - 	150	21.192148	25.201361	-5.054459
 - 	151	21.998333	24.975397	-6.306580
 - 	152	22.742643	24.784714	-7.406707
 - 	153	23.415421	24.668951	-8.317393
 - 	154	23.980589	24.662563	-8.997037
 - 	155	24.415657	24.788628	-9.420674
 - 	156	24.732450	25.048025	-9.598550
 - 	157	24.962246	25.412565	-9.579226
 - 	158	25.128819	25.830139	-9.436999
 - 	159	25.239119	26.238167	-9.255202
 - 	160	25.289944	26.576469	-9.106831
 - 	161	25.277149	26.800007	-9.037289
 - 	162	25.201317	26.888639	-9.056297
 - 	163	25.070913	26.851189	-9.143327
 - 	164	24.902153	26.719221	-9.260501
 - 	165	24.714531	26.534170	-9.366007
 - 	166	24.524477	26.333191	-9.427445
 - 	167	24.339520	26.140661	-9.429360
 - 	168	24.157320	25.966009	-9.374325
 - 	169	23.968931	25.808207	-9.277832
 - 	170	23.764822	25.662056	-9.161172
 - 	171	23.540249	25.523645	-9.045821
 - 	172	23.296637	25.392056	-8.948295
 - 	173	23.040127	25.267889	-8.878381
 - 	174	22.779238	25.151690	-8.840794
 - 	175	22.522072	25.043610	-8.837228
 - 	176	22.273979	24.942873	-8.866293
 - 	177	22.035213	24.847477	-8.919840
 - 	178	21.798428	24.751717	-8.977377
 - 	179	21.547649	24.644627	-9.003993
 - 	180	21.262276	24.513659	-8.960058
 - 	181	20.927158	24.352526	-8.821838
 - 	182	20.540316	24.167339	-8.594743
 - 	183	20.110737	23.973602	-8.305036
 - 	184	19.648979	23.789255	-7.978420
 - 	185	19.161566	23.630281	-7.627718
 - 	186	18.651379	23.511374	-7.254626
 - 	187	18.119038	23.445913	-6.855771
 - 	188	17.563253	23.443478	-6.426898
 - 	189	16.980980	23.504414	-5.965010
 - 	190	16.368963	23.617964	-5.469750
 - 	191	15.727138	23.766035	-4.945565
 - 	192	15.060704	23.928570	-4.403216
 - 	193	14.377463	24.088917	-3.856875
 - 	194	13.682641	24.237827	-3.318401
 - 	195	12.976186	24.373508	-2.793189
 - 	196	12.253627	24.497766	-2.280015
 - 	197	11.507950	24.613209	-1.773786
 - 	198	10.732220	24.721853	-1.270630
 - 	199	9.922084	24.825464	-0.770399
 - 	200	9.077346	24.925478	-0.276964
 - 	201	8.202193	25.022467	0.204170
 - 	202	7.304991	25.116318	0.667147
 - 	203	6.397395	25.206215	1.106776
 - 	204	5.493115	25.290878	1.518463
 - 	205	4.606510	25.367872	1.898037
 - 	206	3.750885	25.433716	2.241607
 - 	207	2.937648	25.483534	2.544611
 - 	208	2.176057	25.511089	2.801622
 - 	209	1.473947	25.508774	3.006077
 - 	210	0.837781	25.469601	3.151489
 - 	211	0.272301	25.390020	3.232738
 - 	212	-0.220975	25.272997	3.249769
 - 	213	-0.645361	25.129919	3.211693
 - 	214	-1.008498	24.979919	3.137272
 - 	215	-1.317990	24.845104	3.048333
 - 	216	-1.576171	24.743555	2.960098
 - 	217	-1.778681	24.685844	2.876867
 - 	218	-1.916675	24.674713	2.792541
 - 	219	-1.980877	24.705326	2.694180
 - 	220	-1.964938	24.764437	2.565522
 - 	221	-1.868951	24.833397	2.392219
 - 	222	-1.701054	24.894135	2.166422
 - 	223	-1.476755	24.934509	1.890483
 - 	224	-1.216881	24.951019	1.578111
 - 	225	-0.944428	24.947948	1.252696
 - 	226	-0.681820	24.933950	0.941873
 - 	227	-0.448268	24.917776	0.671059
 - 	228	-0.258063	24.905399	0.459095
 - 	229	-0.119950	24.899096	0.315627
 - 	230	-0.037355	24.897575	0.241081
 - 	231	-0.008837	24.897739	0.227785
 - 	232	-0.028832	24.896976	0.263755
 - 	233	-0.088765	24.895433	0.336019
 - 	234	-0.178513	24.894629	0.433301
 - 	235	-0.287374	24.895899	0.546532
 - 	236	-0.404552	24.899796	0.667918
 - 	237	-0.519470	24.906017	0.790177
 - 	238	-0.622195	24.913633	0.905577
 - 	239	-0.704598	24.920948	1.006692
 - 	240	-0.761217	24.926472	1.086880
 - 	241	-0.790159	24.929457	1.141336
 - 	242	-0.793502	24.930147	1.168726
 - 	243	-0.776591	24.929266	1.171443
 - 	244	-0.747258	24.927822	1.155682
 - 	245	-0.714181	24.926529	1.129542
 - 	246	-0.685895	24.925858	1.101808
 - 	247	-0.669429	24.926186	1.080001
 - 	248	-0.669132	24.927900	1.068876
 - 	249	-0.686282	24.931139	1.070441
 - 	250	-0.719371	24.936049	1.083901
 - 	251	-0.765358	24.942238	1.107178
 - 	252	-0.820888	24.949665	1.138315
 - 	253	-0.883039	24.958099	1.176741
 - 	254	-0.949482	24.967209	1.223306
 - 	255	-1.018380	24.976536	1.279564
 - 	256	-1.088093	24.985298	1.346405
 - 	257	-1.157229	24.992672	1.422763
 - 	258	-1.224423	24.997684	1.505283
 - 	259	-1.287997	24.999067	1.588660
 - 	260	-1.346417	24.996136	1.666866
 - 	261	-1.398213	24.988749	1.734138
 - 	262	-1.442209	24.977976	1.786240
 - 	263	-1.477433	24.965456	1.820876
 - 	264	-1.503627	24.953566	1.837660
 - 	265	-1.521669	24.944305	1.838654
 - 	266	-1.533679	24.938848	1.827606
 - 	267	-1.542526	24.937767	1.809868
