LINK_MODEL_BASED::ORIGINAL::Left Hip Angles
File	Frame	X 	Y 	Z 
Gait LB - CAST 1.c3d	1	19.863791	-7.296292	-1.384652
 - 	2	20.795134	-7.251632	-2.073115
 - 	3	21.832935	-7.231079	-2.837809
 - 	4	22.988066	-7.252527	-3.680675
 - 	5	24.255434	-7.329565	-4.604539
 - 	6	25.611641	-7.467870	-5.600963
 - 	7	27.017660	-7.664979	-6.642954
 - 	8	28.426992	-7.912835	-7.686327
 - 	9	29.795380	-8.202964	-8.670961
 - 	10	31.089308	-8.530822	-9.523617
 - 	11	32.290726	-8.893558	-10.172378
 - 	12	33.398438	-9.282616	-10.568609
 - 	13	34.425980	-9.680738	-10.698504
 - 	14	35.397484	-10.066552	-10.577860
 - 	15	36.341660	-10.420472	-10.243453
 - 	16	37.285915	-10.730394	-9.746922
 - 	17	38.252029	-10.997510	-9.148474
 - 	18	39.254768	-11.239483	-8.508991
 - 	19	40.302464	-11.486466	-7.879278
 - 	20	41.400383	-11.767963	-7.286445
 - 	21	42.554127	-12.099372	-6.723793
 - 	22	43.770847	-12.480994	-6.163264
 - 	23	45.057564	-12.905916	-5.581371
 - 	24	46.420902	-13.363303	-4.973330
 - 	25	47.865646	-13.836340	-4.354274
 - 	26	49.393257	-14.301148	-3.760060
 - 	27	51.000149	-14.728009	-3.243704
 - 	28	52.677456	-15.087378	-2.858475
 - 	29	54.412640	-15.359255	-2.637773
 - 	30	56.191689	-15.537880	-2.588183
 - 	31	58.001877	-15.628177	-2.692706
 - 	32	59.835243	-15.639627	-2.916705
 - 	33	61.692558	-15.582154	-3.216319
 - 	34	63.586624	-15.464906	-3.552897
 - 	35	65.544815	-15.295980	-3.902440
 - 	36	67.610107	-15.082868	-4.244984
 - 	37	69.836693	-14.835125	-4.541615
 - 	38	72.275925	-14.571188	-4.723294
 - 	39	74.955719	-14.325457	-4.696023
 - 	40	77.862030	-14.149116	-4.361829
 - 	41	80.930801	-14.094398	-3.662642
 - 	42	84.056358	-14.183066	-2.632311
 - 	43	87.115440	-14.392966	-1.405469
 - 	44	89.995628	-14.682122	-0.164031
 - 	45	92.616722	-15.020797	0.933280
 - 	46	94.939613	-15.400813	1.790428
 - 	47	96.964264	-15.828105	2.380805
 - 	48	98.719917	-16.312958	2.733088
 - 	49	100.252190	-16.862295	2.906924
 - 	50	101.609962	-17.474108	2.967987
 - 	51	102.835060	-18.133554	2.969852
 - 	52	103.956062	-18.812353	2.946148
 - 	53	104.984367	-19.471733	2.912312
 - 	54	105.914383	-20.069189	2.872839
 - 	55	106.728554	-20.567337	2.830249
 - 	56	107.406204	-20.941427	2.792341
 - 	57	107.932396	-21.182487	2.773449
 - 	58	108.302628	-21.294985	2.789733
 - 	59	108.522324	-21.291231	2.849902
 - 	60	108.601654	-21.185020	2.947411
 - 	61	108.551704	-20.988060	3.060830
 - 	62	108.382240	-20.709713	3.162151
 - 	63	108.100990	-20.359480	3.227571
 - 	64	107.713524	-19.949572	3.245461
 - 	65	107.222191	-19.496033	3.218303
 - 	66	106.625275	-19.017393	3.158216
 - 	67	105.915680	-18.532312	3.078631
 - 	68	105.081154	-18.056540	2.986981
 - 	69	104.106110	-17.600008	2.881511
 - 	70	102.974670	-17.165550	2.752301
 - 	71	101.672951	-16.749762	2.585467
 - 	72	100.189316	-16.345716	2.367408
 - 	73	98.513794	-15.946248	2.087283
 - 	74	96.636780	-15.546432	1.735840
 - 	75	94.548508	-15.145087	1.302959
 - 	76	92.238342	-14.744891	0.776010
 - 	77	89.694565	-14.351510	0.140042
 - 	78	86.904381	-13.971654	-0.621651
 - 	79	83.854034	-13.610545	-1.527267
 - 	80	80.529854	-13.268911	-2.594966
 - 	81	76.919548	-12.941208	-3.836888
 - 	82	73.012878	-12.616494	-5.241359
 - 	83	68.799683	-12.281684	-6.746075
 - 	84	64.269669	-11.924761	-8.225470
 - 	85	59.418064	-11.538996	-9.517240
 - 	86	54.261921	-11.132008	-10.468337
 - 	87	48.868141	-10.737369	-10.970298
 - 	88	43.379784	-10.419019	-10.986622
 - 	89	38.026821	-10.254363	-10.581373
 - 	90	33.112339	-10.295835	-9.925152
 - 	91	28.975189	-10.538292	-9.243380
 - 	92	25.931297	-10.921809	-8.718394
 - 	93	24.200834	-11.367596	-8.410028
 - 	94	23.841375	-11.814677	-8.250319
 - 	95	24.720917	-12.234203	-8.102222
 - 	96	26.545427	-12.621407	-7.841918
 - 	97	28.917683	-12.979179	-7.424633
 - 	98	31.405367	-13.305279	-6.897284
 - 	99	33.612671	-13.589233	-6.358061
 - 	100	35.244911	-13.814630	-5.907880
 - 	101	36.148949	-13.962875	-5.618380
 - 	102	36.318489	-14.020994	-5.512769
 - 	103	35.868462	-13.993260	-5.558718
 - 	104	34.990715	-13.905292	-5.684106
 - 	105	33.905632	-13.796973	-5.809489
 - 	106	32.822899	-13.708750	-5.869481
 - 	107	31.914391	-13.668180	-5.832412
 - 	108	31.303375	-13.682177	-5.695120
 - 	109	31.062407	-13.737661	-5.470967
 - 	110	31.217888	-13.808228	-5.172511
 - 	111	31.755827	-13.864854	-4.802956
 - 	112	32.627892	-13.885810	-4.361438
 - 	113	33.757877	-13.857906	-3.858447
 - 	114	35.050556	-13.771227	-3.330744
 - 	115	36.404255	-13.620381	-2.834895
 - 	116	37.724869	-13.412483	-2.423187
 - 	117	38.937729	-13.169170	-2.125432
 - 	118	39.993309	-12.920106	-1.946897
 - 	119	40.865788	-12.694959	-1.874950
 - 	120	41.547760	-12.517139	-1.888104
 - 	121	42.044903	-12.399817	-1.964895
 - 	122	42.373348	-12.345184	-2.088630
 - 	123	42.559280	-12.346207	-2.248178
 - 	124	42.639065	-12.390717	-2.434392
 - 	125	42.658165	-12.464615	-2.636319
 - 	126	42.667957	-12.554461	-2.839215
 - 	127	42.719707	-12.650139	-3.026825
 - 	128	42.857574	-12.747667	-3.186119
 - 	129	43.113495	-12.849869	-3.312387
 - 	130	43.505890	-12.965807	-3.409235
 - 	131	44.040745	-13.108591	-3.490215
 - 	132	44.717335	-13.290524	-3.564361
 - 	133	45.530907	-13.517106	-3.635188
 - 	134	46.475983	-13.785271	-3.701535
 - 	135	47.549084	-14.085894	-3.768781
 - 	136	48.753078	-14.406008	-3.855657
 - 	137	50.102875	-14.728988	-3.989427
 - 	138	51.629990	-15.031831	-4.194396
 - 	139	53.382488	-15.281817	-4.483058
 - 	140	55.417313	-15.437112	-4.853827
 - 	141	57.788380	-15.456891	-5.292553
 - 	142	60.537239	-15.317978	-5.784851
 - 	143	63.687450	-15.021456	-6.327515
 - 	144	67.235764	-14.586534	-6.892588
 - 	145	71.131607	-14.048666	-7.354722
 - 	146	75.245514	-13.462297	-7.493677
 - 	147	79.357758	-12.887925	-7.124715
 - 	148	83.203247	-12.365609	-6.237920
 - 	149	86.556587	-11.902727	-5.018641
 - 	150	89.294609	-11.483372	-3.746364
 - 	151	91.406876	-11.083859	-2.655455
 - 	152	92.972046	-10.683587	-1.842878
 - 	153	94.123444	-10.268988	-1.264423
 - 	154	95.010986	-9.833434	-0.796075
 - 	155	95.767052	-9.378980	-0.309377
 - 	156	96.485306	-8.920432	0.274807
 - 	157	97.215759	-8.486599	0.968597
 - 	158	97.972588	-8.114788	1.731078
 - 	159	98.744606	-7.840421	2.493996
 - 	160	99.503174	-7.686426	3.185028
 - 	161	100.209740	-7.657538	3.744817
 - 	162	100.823196	-7.740190	4.137622
 - 	163	101.305336	-7.907847	4.354207
 - 	164	101.626694	-8.128564	4.408109
 - 	165	101.775093	-8.370406	4.330207
 - 	166	101.763474	-8.604383	4.161287
 - 	167	101.630310	-8.807266	3.945258
 - 	168	101.430138	-8.966119	3.721273
 - 	169	101.216431	-9.081502	3.515950
 - 	170	101.026093	-9.165659	3.338557
 - 	171	100.872452	-9.235735	3.182535
 - 	172	100.746765	-9.307317	3.032655
 - 	173	100.624313	-9.392291	2.872497
 - 	174	100.471962	-9.500013	2.690622
 - 	175	100.257126	-9.638340	2.482960
 - 	176	99.955391	-9.811950	2.252049
 - 	177	99.554672	-10.019651	2.002766
 - 	178	99.053703	-10.253798	1.737814
 - 	179	98.456635	-10.502008	1.453563
 - 	180	97.767426	-10.750109	1.138252
 - 	181	96.987114	-10.983698	0.774160
 - 	182	96.113220	-11.187939	0.341190
 - 	183	95.140038	-11.347213	-0.179014
 - 	184	94.060455	-11.447737	-0.798489
 - 	185	92.868607	-11.483770	-1.515030
 - 	186	91.562553	-11.464832	-2.301363
 - 	187	90.145393	-11.419024	-3.096349
 - 	188	88.621841	-11.383671	-3.832839
 - 	189	86.997025	-11.385089	-4.473951
 - 	190	85.278488	-11.425606	-5.029514
 - 	191	83.477448	-11.490631	-5.537364
 - 	192	81.607262	-11.566025	-6.028357
 - 	193	79.679787	-11.645757	-6.520160
 - 	194	77.705917	-11.726409	-7.013544
 - 	195	75.696785	-11.799698	-7.490722
 - 	196	73.663307	-11.854105	-7.923350
 - 	197	71.614571	-11.881402	-8.287876
 - 	198	69.557037	-11.878834	-8.573668
 - 	199	67.494667	-11.846542	-8.779354
 - 	200	65.429749	-11.784965	-8.907607
 - 	201	63.363312	-11.694562	-8.962615
 - 	202	61.295326	-11.576717	-8.948442
 - 	203	59.225140	-11.436271	-8.867490
 - 	204	57.151665	-11.285475	-8.719945
 - 	205	55.075058	-11.148976	-8.503819
 - 	206	52.997967	-11.064394	-8.214666
 - 	207	50.926273	-11.068770	-7.850098
 - 	208	48.868042	-11.178228	-7.420048
 - 	209	46.832321	-11.379283	-6.954764
 - 	210	44.828903	-11.639906	-6.497194
 - 	211	42.867798	-11.928521	-6.085801
 - 	212	40.958221	-12.223963	-5.744432
 - 	213	39.107025	-12.514468	-5.483144
 - 	214	37.318623	-12.792486	-5.302194
 - 	215	35.597397	-13.051112	-5.194871
 - 	216	33.951656	-13.283521	-5.149074
 - 	217	32.396091	-13.483986	-5.148665
 - 	218	30.952246	-13.648292	-5.175344
 - 	219	29.646765	-13.772629	-5.212950
 - 	220	28.508764	-13.854401	-5.245881
 - 	221	27.562664	-13.893416	-5.266305
 - 	222	26.822968	-13.892165	-5.265193
 - 	223	26.289551	-13.854786	-5.230564
 - 	224	25.944794	-13.787338	-5.151638
 - 	225	25.752596	-13.699713	-5.032610
 - 	226	25.663759	-13.606313	-4.888929
 - 	227	25.621630	-13.523588	-4.746017
 - 	228	25.571333	-13.465289	-4.628761
 - 	229	25.467432	-13.439126	-4.557183
 - 	230	25.279907	-13.447067	-4.544950
 - 	231	24.998077	-13.486270	-4.597722
 - 	232	24.631180	-13.550281	-4.711362
 - 	233	24.205564	-13.630641	-4.872509
 - 	234	23.758303	-13.719325	-5.063681
 - 	235	23.329868	-13.808629	-5.268177
 - 	236	22.956760	-13.890594	-5.471929
 - 	237	22.666950	-13.956930	-5.656937
 - 	238	22.475412	-14.000398	-5.809152
 - 	239	22.383690	-14.017131	-5.918844
 - 	240	22.381254	-14.007539	-5.981732
 - 	241	22.449110	-13.975204	-5.996838
 - 	242	22.563856	-13.925547	-5.966477
 - 	243	22.701338	-13.864597	-5.897741
 - 	244	22.839270	-13.798981	-5.802117
 - 	245	22.959295	-13.735138	-5.692200
 - 	246	23.048647	-13.678313	-5.576982
 - 	247	23.100779	-13.632079	-5.459413
 - 	248	23.115032	-13.598712	-5.341904
 - 	249	23.095783	-13.580359	-5.232958
 - 	250	23.050505	-13.578127	-5.149024
 - 	251	22.989437	-13.590134	-5.097335
 - 	252	22.923182	-13.611461	-5.076978
 - 	253	22.861429	-13.636621	-5.084960
 - 	254	22.811432	-13.661411	-5.122095
 - 	255	22.777893	-13.683024	-5.192004
 - 	256	22.762987	-13.699385	-5.295281
 - 	257	22.766802	-13.708527	-5.425639
 - 	258	22.787102	-13.709428	-5.573038
 - 	259	22.820356	-13.702369	-5.721210
 - 	260	22.861017	-13.688545	-5.855997
 - 	261	22.903580	-13.670282	-5.963061
 - 	262	22.943562	-13.650751	-6.032085
 - 	263	22.977791	-13.633446	-6.059157
 - 	264	23.004335	-13.621819	-6.047822
 - 	265	23.022230	-13.618272	-6.008053
 - 	266	23.031992	-13.623436	-5.952420
 - 	267	23.036171	-13.635932	-5.893368
