LINK_MODEL_BASED::PROCESSED::Left Ankle Angles_filtered
File	Frame	X 	Y 	Z 
Running trial 1.c3d	1	3.091926	0.996745	8.107531
 - 	2	6.199037	-0.911849	6.850142
 - 	3	9.159508	-2.359432	5.987279
 - 	4	11.817422	-3.193995	5.683352
 - 	5	14.052006	-3.560362	5.844287
 - 	6	15.855141	-3.682247	6.249853
 - 	7	17.284849	-3.714759	6.664276
 - 	8	18.348160	-3.726539	6.873587
 - 	9	18.957588	-3.707987	6.711010
 - 	10	18.998693	-3.556998	6.147519
 - 	11	18.411465	-3.106961	5.389852
 - 	12	17.191010	-2.252021	4.800680
 - 	13	15.335829	-1.068797	4.639294
 - 	14	12.835680	0.223465	4.888054
 - 	15	9.714808	1.423504	5.323931
 - 	16	6.067990	2.419348	5.699202
 - 	17	2.054315	3.113666	5.858935
 - 	18	-2.128946	3.386387	5.795348
 - 	19	-6.269789	3.195845	5.688615
 - 	20	-10.164547	2.666127	5.870494
 - 	21	-13.641646	2.050180	6.626356
 - 	22	-16.576416	1.665570	7.930402
 - 	23	-18.880348	1.817542	9.376609
 - 	24	-20.458048	2.596870	10.442053
 - 	25	-21.190611	3.708493	10.849543
 - 	26	-21.025024	4.661236	10.668369
 - 	27	-20.098864	5.196146	10.121579
 - 	28	-18.721951	5.439200	9.381911
 - 	29	-17.201324	5.627666	8.552926
 - 	30	-15.689835	5.792230	7.759732
 - 	31	-14.178949	5.755289	7.153257
 - 	32	-12.583587	5.400331	6.763361
 - 	33	-10.822203	4.877245	6.377367
 - 	34	-8.868421	4.495804	5.668821
 - 	35	-6.785696	4.418309	4.518456
 - 	36	-4.720937	4.508251	3.181437
 - 	37	-2.839713	4.539959	2.086673
 - 	38	-1.251817	4.508599	1.477024
 - 	39	0.021533	4.576357	1.261443
 - 	40	1.051912	4.728694	1.169962
 - 	41	1.983707	4.734970	0.991064
 - 	42	2.947192	4.512877	0.675000
 - 	43	3.945149	4.302528	0.280817
 - 	44	4.851451	4.390131	-0.116220
 - 	45	5.541358	4.813548	-0.446341
 - 	46	6.002323	5.405628	-0.611639
 - 	47	6.322269	6.016675	-0.497503
 - 	48	6.605288	6.625582	-0.052427
 - 	49	6.904783	7.307180	0.649496
 - 	50	7.207379	8.173222	1.434833
 - 	51	7.457626	9.294400	2.115151
 - 	52	7.616237	10.591196	2.540276
 - 	53	7.718208	11.867736	2.602244
 - 	54	7.818396	13.067086	2.271463
 - 	55	7.775450	14.353097	1.695117
 - 	56	7.126582	15.656723	1.253810
 - 	57	5.439329	16.183867	1.445085
 - 	58	3.000259	14.766487	2.563558
 - 	59	0.983492	10.960194	4.367594
 - 	60	0.616979	5.712934	6.113109
 - 	61	2.197321	0.793161	7.083148
 - 	62	5.055775	-2.481461	7.147889
 - 	63	8.283537	-3.989563	6.773357
 - 	64	11.277575	-4.469357	6.515931
 - 	65	13.789907	-4.666935	6.588202
 - 	66	15.773687	-4.855056	6.881705
 - 	67	17.254337	-4.956800	7.229557
 - 	68	18.257231	-4.868031	7.506306
 - 	69	18.780867	-4.595759	7.555949
 - 	70	18.800959	-4.173367	7.235775
 - 	71	18.275211	-3.543950	6.610021
 - 	72	17.136002	-2.605648	5.993786
 - 	73	15.303878	-1.369958	5.720407
 - 	74	12.743157	0.014616	5.888774
 - 	75	9.510527	1.408649	6.328852
 - 	76	5.741542	2.732459	6.745988
 - 	77	1.601770	3.845342	6.918361
 - 	78	-2.732821	4.523030	6.849365
 - 	79	-7.064383	4.640133	6.768219
 - 	80	-11.185051	4.324884	6.975817
 - 	81	-14.926725	3.935404	7.667367
 - 	82	-18.186474	3.896379	8.824413
 - 	83	-20.869747	4.417476	10.209715
 - 	84	-22.807564	5.268585	11.499963
 - 	85	-23.791153	5.961498	12.476854
 - 	86	-23.746243	6.244577	13.093248
 - 	87	-22.854982	6.314569	13.377699
 - 	88	-21.467894	6.528018	13.336592
 - 	89	-19.898220	7.031576	12.970018
 - 	90	-18.289679	7.669256	12.342872
 - 	91	-16.625254	8.126915	11.594822
 - 	92	-14.816957	8.148132	10.842180
 - 	93	-12.792781	7.692283	10.029499
 - 	94	-10.548691	6.931146	8.902225
 - 	95	-8.177966	6.094858	7.236291
 - 	96	-5.868797	5.337341	5.154557
 - 	97	-3.843649	4.749002	3.155524
 - 	98	-2.266575	4.413547	1.773812
 - 	99	-1.175971	4.369410	1.224598
 - 	100	-0.462117	4.570220	1.353148
 - 	101	0.095798	4.941132	1.835176
 - 	102	0.711018	5.394209	2.379237
 - 	103	1.463577	5.801921	2.786901
 - 	104	2.295160	6.104663	2.916053
 - 	105	3.111280	6.391369	2.677234
 - 	106	3.869281	6.733160	2.090401
 - 	107	4.599220	7.040482	1.299146
 - 	108	5.364970	7.198986	0.500107
 - 	109	6.178345	7.271344	-0.118647
 - 	110	6.933794	7.524885	-0.370636
 - 	111	7.452988	8.281198	-0.093409
 - 	112	7.629803	9.681913	0.699044
 - 	113	7.544582	11.563734	1.689661
 - 	114	7.386462	13.595398	2.435307
 - 	115	7.166273	15.481609	2.752013
 - 	116	6.505260	16.883739	2.872394
 - 	117	4.910099	17.154093	3.228335
 - 	118	2.483918	15.465599	4.103714
 - 	119	0.281627	11.563782	5.382703
 - 	120	-0.360804	6.380291	6.571199
 - 	121	1.070369	1.571126	7.183962
 - 	122	3.974398	-1.692676	7.169311
 - 	123	7.321795	-3.363275	6.892275
 - 	124	10.381457	-4.077807	6.736569
 - 	125	12.894662	-4.421789	6.828465
 - 	126	14.889519	-4.636593	7.111478
 - 	127	16.467920	-4.725036	7.518008
 - 	128	17.680855	-4.636078	7.971259
 - 	129	18.496042	-4.384519	8.294262
 - 	130	18.833778	-4.048166	8.250335
 - 	131	18.621149	-3.647842	7.736437
 - 	132	17.818001	-3.069315	6.927069
 - 	133	16.407902	-2.173660	6.191235
 - 	134	14.383396	-0.990876	5.828952
 - 	135	11.751925	0.247918	5.868372
 - 	136	8.553559	1.280293	6.101058
 - 	137	4.870282	1.968367	6.270965
 - 	138	0.832085	2.293278	6.229630
 - 	139	-3.378215	2.283557	6.004480
 - 	140	-7.542821	2.007044	5.802331
 - 	141	-11.446588	1.606277	5.924660
 - 	142	-14.906244	1.297086	6.595148
 - 	143	-17.785740	1.316530	7.792166
 - 	144	-19.993093	1.826510	9.222431
 - 	145	-21.443317	2.768239	10.496581
 - 	146	-22.038736	3.802541	11.365438
 - 	147	-21.749172	4.531216	11.784861
 - 	148	-20.728109	4.845613	11.793957
 - 	149	-19.289948	4.983596	11.411781
 - 	150	-17.728350	5.221581	10.670900
 - 	151	-16.159069	5.566299	9.703903
 - 	152	-14.529216	5.759201	8.733200
 - 	153	-12.743824	5.557314	7.909496
 - 	154	-10.776019	4.988803	7.150299
 - 	155	-8.695363	4.324398	6.217527
 - 	156	-6.634045	3.840899	5.009618
 - 	157	-4.730856	3.663473	3.729402
 - 	158	-3.083644	3.777348	2.720335
 - 	159	-1.724779	4.074898	2.174432
 - 	160	-0.609634	4.406650	2.024755
 - 	161	0.375171	4.675055	2.064570
 - 	162	1.344038	4.856851	2.107037
 - 	163	2.315113	4.940778	2.045143
 - 	164	3.200522	4.964076	1.835011
 - 	165	3.909073	5.075042	1.490113
 - 	166	4.439757	5.410280	1.107544
 - 	167	4.877789	5.948121	0.864111
 - 	168	5.329217	6.575185	0.925309
 - 	169	5.858842	7.251127	1.321056
 - 	170	6.446311	8.059596	1.929460
 - 	171	6.965332	9.092566	2.590840
 - 	172	7.244885	10.282429	3.180875
 - 	173	7.231331	11.434561	3.560495
 - 	174	7.066578	12.524211	3.577853
 - 	175	6.861713	13.820557	3.240242
 - 	176	6.354391	15.414927	2.865520
 - 	177	5.025380	16.595272	2.968789
 - 	178	2.826272	16.052124	3.891294
 - 	179	0.683995	13.027580	5.447354
 - 	180	-0.081632	8.195650	6.965360
 - 	181	1.110917	3.213436	7.799314
 - 	182	3.759190	-0.536313	7.838080
 - 	183	6.925421	-2.670815	7.493871
 - 	184	9.920524	-3.578604	7.255869
 - 	185	12.453362	-3.847537	7.321335
 - 	186	14.478806	-3.891793	7.591242
 - 	187	16.042301	-3.862521	7.865044
 - 	188	17.176775	-3.748908	7.949383
 - 	189	17.854233	-3.515977	7.660885
 - 	190	18.003109	-3.129707	6.909420
 - 	191	17.554747	-2.500986	5.856436
 - 	192	16.463398	-1.523277	4.892079
 - 	193	14.698414	-0.223827	4.360479
 - 	194	12.248136	1.178036	4.313428
 - 	195	9.143738	2.415000	4.523324
 - 	196	5.476112	3.332712	4.676921
 - 	197	1.392528	3.871660	4.570250
 - 	198	-2.918152	3.982340	4.230101
 - 	199	-7.241792	3.670552	3.932544
 - 	200	-11.355220	3.084391	4.071853
 - 	201	-15.046322	2.475204	4.909279
 - 	202	-18.137562	2.106645	6.359685
 - 	203	-20.498245	2.189193	8.004672
 - 	204	-22.031721	2.748686	9.366720
 - 	205	-22.670357	3.515266	10.202224
 - 	206	-22.432539	4.096737	10.527333
 - 	207	-21.497475	4.338696	10.434347
 - 	208	-20.172184	4.439943	9.980539
 - 	209	-18.736198	4.695800	9.226443
 - 	210	-17.306667	5.173660	8.297562
 - 	211	-15.841686	5.628967	7.388406
 - 	212	-14.246391	5.717210	6.672376
 - 	213	-12.469607	5.301818	6.135451
 - 	214	-10.541187	4.558055	5.532903
 - 	215	-8.574073	3.789104	4.632261
 - 	216	-6.740706	3.188771	3.512986
 - 	217	-5.207257	2.800114	2.534971
 - 	218	-4.048715	2.656549	1.998584
 - 	219	-3.207761	2.871372	1.911728
 - 	220	-2.532687	3.480215	2.087774
 - 	221	-1.870397	4.213523	2.351069
 - 	222	-1.148748	4.648455	2.579004
 - 	223	-0.384207	4.687930	2.641160
 - 	224	0.378786	4.674156	2.428449
 - 	225	1.120306	4.932273	1.949069
 - 	226	1.849127	5.424442	1.344455
 - 	227	2.586047	5.933159	0.814072
 - 	228	3.339327	6.389695	0.536279
 - 	229	4.071115	6.943050	0.624532
 - 	230	4.693726	7.808831	1.110885
 - 	231	5.125749	9.081033	1.925066
 - 	232	5.376850	10.646994	2.838371
 - 	233	5.594721	12.305853	3.451970
 - 	234	5.981344	13.987476	3.388165
 - 	235	6.527160	15.743120	2.645384
 - 	236	6.766811	17.362900	1.791997
 - 	237	6.004869	18.026987	1.706198
 - 	238	4.090437	16.629826	2.929658
 - 	239	1.941922	12.761803	5.111409
 - 	240	0.985829	7.353843	7.130255
 - 	241	1.997049	2.120003	7.956655
 - 	242	4.634492	-1.675633	7.482402
 - 	243	7.967464	-3.848136	6.470285
 - 	244	11.166891	-4.943717	5.732924
 - 	245	13.787404	-5.582314	5.496273
 - 	246	15.747226	-6.078313	5.552623
 - 	247	17.198666	-6.421328	5.744701
 - 	248	18.325813	-6.482883	6.049825
 - 	249	19.161379	-6.223509	6.335956
 - 	250	19.572216	-5.695025	6.351199
 - 	251	19.393341	-4.909847	6.005157
 - 	252	18.532085	-3.833484	5.505050
 - 	253	16.961199	-2.519320	5.172286
 - 	254	14.680907	-1.141891	5.196784
 - 	255	11.719302	0.142065	5.542917
 - 	256	8.153513	1.279300	5.987041
 - 	257	4.120001	2.221790	6.247273
 - 	258	-0.192554	2.830556	6.185939
 - 	259	-4.564174	2.971019	5.954541
 - 	260	-8.772741	2.680606	5.929367
 - 	261	-12.628375	2.199934	6.458567
 - 	262	-16.004946	1.883455	7.610374
 - 	263	-18.832100	2.060760	9.129166
 - 	264	-21.019131	2.814597	10.643353
 - 	265	-22.389254	3.831284	11.910311
 - 	266	-22.764071	4.628852	12.851202
 - 	267	-22.165493	5.014271	13.431557
 - 	268	-20.896004	5.226042	13.612604
 - 	269	-19.364990	5.618684	13.397699
 - 	270	-17.825020	6.282621	12.857068
 - 	271	-16.266289	6.956697	12.107350
 - 	272	-14.527180	7.264349	11.248472
 - 	273	-12.483257	7.050066	10.254375
 - 	274	-10.163055	6.504101	8.956025
 - 	275	-7.742963	5.950446	7.240412
 - 	276	-5.458773	5.529607	5.274266
 - 	277	-3.499914	5.144332	3.458190
 - 	278	-1.940379	4.722008	2.150145
 - 	279	-0.727588	4.412348	1.449695
 - 	280	0.270096	4.403723	1.200775
 - 	281	1.173905	4.612186	1.150700
 - 	282	2.022643	4.749513	1.116995
 - 	283	2.784566	4.713452	1.033987
 - 	284	3.434556	4.701750	0.889882
 - 	285	4.004900	4.897197	0.692996
 - 	286	4.561952	5.249728	0.513155
 - 	287	5.147472	5.632261	0.485977
 - 	288	5.746263	6.066063	0.723978
 - 	289	6.298110	6.740433	1.239369
 - 	290	6.727627	7.843558	1.961852
 - 	291	6.981130	9.351772	2.768477
 - 	292	7.078616	11.000083	3.448510
 - 	293	7.110848	12.534451	3.725318
 - 	294	7.065214	13.932788	3.454566
 - 	295	6.594873	15.156933	2.849018
 - 	296	5.168614	15.629495	2.461465
 - 	297	2.773643	14.296756	2.827268
 - 	298	0.429012	10.628616	3.980834
 - 	299	-0.407103	5.520008	5.335756
 - 	300	0.924279	0.814005	6.185613
 - 	301	3.843832	-2.169670	6.344110
 - 	302	7.242494	-3.441754	6.217627
 - 	303	10.312549	-3.820942	6.303739
 - 	304	12.763709	-4.007419	6.746511
 - 	305	14.619423	-4.211846	7.357910
 - 	306	15.989062	-4.349715	7.881241
 - 	307	16.940899	-4.339953	8.112399
 - 	308	17.458647	-4.206240	7.891368
 - 	309	17.466536	-3.965652	7.189138
 - 	310	16.888618	-3.501750	6.237964
 - 	311	15.679881	-2.642983	5.456609
 - 	312	13.812763	-1.397145	5.162355
 - 	313	11.271720	-0.029513	5.337687
 - 	314	8.087645	1.151917	5.666086
 - 	315	4.368374	2.020987	5.795144
 - 	316	0.282414	2.583532	5.593637
 - 	317	-3.975924	2.819136	5.200615
 - 	318	-8.198410	2.712734	4.888281
 - 	319	-12.167315	2.387074	4.916431
 - 	320	-15.683309	2.091686	5.455505
 - 	321	-18.599325	2.082164	6.517789
 - 	322	-20.814371	2.503005	7.922111
 - 	323	-22.224516	3.256579	9.384781
 - 	324	-22.716587	3.981139	10.662078
 - 	325	-22.281446	4.328181	11.605288
 - 	326	-21.136265	4.312734	12.144240
 - 	327	-19.652126	4.297224	12.247523
 - 	328	-18.115852	4.619158	11.862917
 - 	329	-16.582422	5.266582	10.925745
 - 	330	-14.946903	5.866124	9.490281
 - 	331	-13.107891	5.953357	7.807354
 - 	332	-11.055005	5.320982	6.156643
 - 	333	-8.860877	4.176430	4.593472
 - 	334	-6.655778	2.977715	2.976362
 - 	335	-4.612639	2.104791	1.290839
 - 	336	-2.905608	1.630700	-0.159807
 - 	337	-1.640439	1.320735	-0.966929
 - 	338	-0.799230	0.892418	-0.970917
 - 	339	-0.228887	0.419995	-0.366956
 - 	340	0.298866	0.398728	0.473045
 - 	341	0.952166	1.161604	1.215504
 - 	342	1.732440	2.356123	1.642188
 - 	343	2.521253	3.322249	1.631689
 - 	344	3.229164	3.830460	1.165596
 - 	345	3.871748	4.123468	0.364689
 - 	346	4.515623	4.427345	-0.539732
 - 	347	5.192802	4.758093	-1.310842
 - 	348	5.864274	5.131543	-1.773214
 - 	349	6.425971	5.742722	-1.783895
 - 	350	6.747180	6.884000	-1.229609
 - 	351	6.763611	8.680597	-0.170875
 - 	352	6.595919	10.896408	1.018190
 - 	353	6.549953	13.071547	1.795979
 - 	354	6.861121	14.896280	1.851525
 - 	355	7.310725	16.300201	1.392110
 - 	356	7.169750	17.021734	1.061171
 - 	357	5.807076	16.287481	1.523130
 - 	358	3.530726	13.328376	2.952651
 - 	359	1.647820	8.357346	4.805671
 - 	360	1.455788	2.817525	6.178164
 - 	361	3.225107	-1.565312	6.549907
 - 	362	6.211745	-3.987648	6.199440
 - 	363	9.410244	-4.840495	5.848975
 - 	364	12.149427	-5.010643	5.965111
 - 	365	14.205770	-5.111705	6.465963
 - 	366	15.638917	-5.275372	6.982075
 - 	367	16.575026	-5.383502	7.213938
 - 	368	17.061302	-5.321986	7.045319
 - 	369	17.042599	-5.039124	6.494630
 - 	370	16.425186	-4.482125	5.701896
 - 	371	15.139819	-3.583556	4.948333
 - 	372	13.154149	-2.354657	4.555140
 - 	373	10.466061	-0.961984	4.656295
 - 	374	7.121511	0.346720	5.071445
 - 	375	3.242875	1.391615	5.442797
 - 	376	-0.968292	2.101617	5.527444
 - 	377	-5.262924	2.449541	5.408297
 - 	378	-9.398364	2.435935	5.465210
 - 	379	-13.190896	2.169173	6.095898
 - 	380	-16.536909	1.942410	7.368763
 - 	381	-19.379183	2.148272	8.931402
 - 	382	-21.620867	2.957369	10.304529
 - 	383	-23.066397	4.047995	11.248938
 - 	384	-23.512959	4.834929	11.819773
 - 	385	-22.959671	5.045894	12.151339
 - 	386	-21.698494	4.943211	12.282596
 - 	387	-20.152847	4.970861	12.147182
 - 	388	-18.625914	5.339769	11.651304
 - 	389	-17.185625	5.942627	10.781512
 - 	390	-15.724045	6.489324	9.689391
 - 	391	-14.088769	6.686329	8.626753
 - 	392	-12.194038	6.409382	7.712543
 - 	393	-10.074642	5.771438	6.788189
 - 	394	-7.878668	5.013736	5.599994
 - 	395	-5.807258	4.337114	4.128697
 - 	396	-4.027014	3.832606	2.665100
 - 	397	-2.601969	3.534096	1.556026
 - 	398	-1.477342	3.500747	0.936233
 - 	399	-0.517189	3.782876	0.708327
 - 	400	0.407406	4.262913	0.700783
 - 	401	1.322671	4.660317	0.781371
 - 	402	2.150799	4.839540	0.852713
 - 	403	2.823944	4.995061	0.835577
 - 	404	3.378736	5.383499	0.706674
 - 	405	3.923553	5.991847	0.522707
 - 	406	4.538884	6.593800	0.372918
 - 	407	5.221602	7.051237	0.319542
 - 	408	5.893122	7.492651	0.410168
 - 	409	6.432034	8.220488	0.721900
 - 	410	6.726872	9.422535	1.296135
 - 	411	6.766414	10.945347	1.976534
 - 	412	6.712113	12.413347	2.407496
 - 	413	6.825090	13.623502	2.306686
 - 	414	7.194463	14.727611	1.741870
 - 	415	7.454151	15.861138	1.153989
 - 	416	6.894334	16.580772	1.154192
 - 	417	5.146033	15.886100	2.176936
 - 	418	2.849252	13.049519	4.090696
 - 	419	1.391260	8.472028	6.103113
 - 	420	1.801083	3.583393	7.259755
 - 	421	4.003126	-0.187587	7.206958
 - 	422	7.129039	-2.331717	6.439692
 - 	423	10.282968	-3.267601	5.777702
 - 	424	12.959873	-3.686640	5.687525
 - 	425	15.031454	-3.991055	6.106211
 - 	426	16.570799	-4.221400	6.701075
 - 	427	17.675957	-4.299649	7.126524
 - 	428	18.362215	-4.207000	7.137630
 - 	429	18.560310	-3.943302	6.676913
 - 	430	18.175837	-3.430799	5.931725
 - 	431	17.131199	-2.557693	5.251534
 - 	432	15.376272	-1.332802	4.936538
 - 	433	12.899152	0.049601	5.049865
 - 	434	9.741367	1.338215	5.388069
 - 	435	6.002057	2.382682	5.630714
 - 	436	1.833264	3.117549	5.577205
 - 	437	-2.565457	3.463021	5.314240
 - 	438	-6.961678	3.358902	5.191227
 - 	439	-11.126154	2.905190	5.595058
 - 	440	-14.876375	2.431451	6.651155
 - 	441	-18.087086	2.379739	8.095719
 - 	442	-20.645016	2.982267	9.477750
 - 	443	-22.397068	3.987490	10.498904
 - 	444	-23.191690	4.838459	11.148241
 - 	445	-23.023932	5.190328	11.579079
 - 	446	-22.130928	5.163639	11.921389
 - 	447	-20.896307	5.128242	12.166656
 - 	448	-19.630098	5.375446	12.178844
 - 	449	-18.418104	5.947521	11.836239
 - 	450	-17.147678	6.625547	11.184211
 - 	451	-15.654339	7.067043	10.416080
 - 	452	-13.855461	7.047107	9.659980
 - 	453	-11.789667	6.609130	8.808476
 - 	454	-9.584764	5.981928	7.640689
 - 	455	-7.410070	5.376252	6.131207
 - 	456	-5.429851	4.889794	4.557129
 - 	457	-3.754876	4.587070	3.260883
 - 	458	-2.404333	4.582124	2.380655
 - 	459	-1.304928	4.922970	1.854093
 - 	460	-0.348959	5.394967	1.583972
 - 	461	0.525652	5.634052	1.486312
 - 	462	1.324529	5.541808	1.418825
 - 	463	2.061797	5.412007	1.196609
 - 	464	2.792642	5.543143	0.726212
 - 	465	3.571690	5.902800	0.083333
 - 	466	4.409925	6.256942	-0.553712
 - 	467	5.265025	6.480719	-1.020597
 - 	468	6.040554	6.690946	-1.209023
 - 	469	6.605330	7.181078	-1.023532
 - 	470	6.857727	8.233160	-0.385588
 - 	471	6.813225	9.873423	0.623161
 - 	472	6.662849	11.780822	1.645454
 - 	473	6.718215	13.529007	2.195503
 - 	474	7.155429	14.928981	2.008924
 - 	475	7.669444	15.991584	1.318690
 - 	476	7.476098	16.494755	0.831880
 - 	477	5.984303	15.784859	1.311922
 - 	478	3.627297	13.260363	2.956285
 - 	479	1.795712	9.097080	5.119353
 - 	480	1.729601	4.366531	6.764460
 - 	481	3.577523	0.350640	7.276880
 - 	482	6.557940	-2.264766	6.863012
 - 	483	9.742825	-3.599736	6.242407
 - 	484	12.561094	-4.183178	6.039093
 - 	485	14.826573	-4.459399	6.420323
 - 	486	16.568647	-4.597145	7.153347
 - 	487	17.862940	-4.599041	7.854167
 - 	488	18.727661	-4.471093	8.175182
 - 	489	19.109829	-4.249854	7.930889
 - 	490	18.928097	-3.891957	7.225296
 - 	491	18.104897	-3.226541	6.445975
 - 	492	16.573423	-2.115870	6.006121
 - 	493	14.294241	-0.665862	6.032951
 - 	494	11.280831	0.799288	6.304769
 - 	495	7.607970	1.983065	6.470193
 - 	496	3.413552	2.769053	6.331851
 - 	497	-1.095677	3.142597	5.985451
 - 	498	-5.660885	3.087217	5.756288
 - 	499	-10.017896	2.633541	5.992949
 - 	500	-13.940022	1.985046	6.836442
 - 	501	-17.249973	1.545328	8.118888
 - 	502	-19.799843	1.726236	9.475371
 - 	503	-21.444040	2.602794	10.566139
 - 	504	-22.071341	3.763840	11.234597
 - 	505	-21.725227	4.639535	11.529308
 - 	506	-20.683279	5.012623	11.603046
 - 	507	-19.339296	5.137216	11.556175
 - 	508	-17.969460	5.390409	11.356318
 - 	509	-16.619556	5.900277	10.912047
 - 	510	-15.190516	6.473943	10.216505
 - 	511	-13.587845	6.791566	9.392105
 - 	512	-11.790981	6.671731	8.554070
 - 	513	-9.827745	6.195326	7.629544
 - 	514	-7.739553	5.590791	6.394728
 - 	515	-5.599005	5.036729	4.766985
 - 	516	-3.541030	4.617184	3.022505
 - 	517	-1.737765	4.402406	1.640309
 - 	518	-0.316998	4.447249	0.918190
 - 	519	0.716592	4.711056	0.768867
 - 	520	1.494040	5.053747	0.865258
 - 	521	2.196245	5.297223	0.929502
 - 	522	2.926978	5.318034	0.881378
 - 	523	3.670696	5.186448	0.765031
 - 	524	4.366938	5.151210	0.608859
 - 	525	4.993028	5.365656	0.405294
 - 	526	5.573195	5.719338	0.185210
 - 	527	6.145954	6.024532	0.019929
 - 	528	6.738708	6.280520	-0.061401
 - 	529	7.345021	6.711968	-0.080824
 - 	530	7.899751	7.577676	-0.012843
 - 	531	8.302614	8.913518	0.227198
 - 	532	8.528452	10.463181	0.601193
 - 	533	8.723087	11.932095	0.837685
 - 	534	9.082763	13.287025	0.685548
 - 	535	9.496166	14.656278	0.302849
 - 	536	9.328571	15.837147	0.268567
 - 	537	7.837143	15.982411	1.135183
 - 	538	5.072552	14.025364	2.927995
 - 	539	2.273289	9.695397	5.010384
 - 	540	1.049192	4.134320	6.472503
 - 	541	2.111975	-0.761115	6.803001
 - 	542	4.904396	-3.756633	6.260261
 - 	543	8.299301	-4.972321	5.580764
 - 	544	11.421843	-5.294016	5.343448
 - 	545	13.926313	-5.433280	5.616227
 - 	546	15.825122	-5.594204	6.101134
 - 	547	17.223213	-5.707324	6.458885
 - 	548	18.162666	-5.711495	6.472571
 - 	549	18.607826	-5.614376	6.069538
 - 	550	18.506950	-5.384339	5.361573
 - 	551	17.835144	-4.879731	4.648236
 - 	552	16.574186	-3.971159	4.249425
 - 	553	14.682164	-2.724264	4.288989
 - 	554	12.117862	-1.367163	4.647689
 - 	555	8.897797	-0.086565	5.071689
 - 	556	5.124480	1.031254	5.316971
 - 	557	0.977355	1.882074	5.304684
 - 	558	-3.309533	2.323783	5.231880
 - 	559	-7.484493	2.313182	5.482440
 - 	560	-11.332694	2.011740	6.314632
 - 	561	-14.715427	1.783840	7.607995
 - 	562	-17.556196	2.051902	8.975983
 - 	563	-19.776054	2.960299	10.120502
 - 	564	-21.242781	4.144349	11.005455
 - 	565	-21.824556	5.022119	11.718320
 - 	566	-21.533337	5.362589	12.284048
 - 	567	-20.596630	5.441662	12.640667
 - 	568	-19.346701	5.671601	12.719053
 - 	569	-18.024414	6.203277	12.507765
 - 	570	-16.677082	6.849697	12.076702
 - 	571	-15.206671	7.290730	11.542562
 - 	572	-13.483411	7.346962	10.941138
 - 	573	-11.435064	7.088341	10.118616
 - 	574	-9.100775	6.713551	8.853494
 - 	575	-6.653223	6.389888	7.150308
 - 	576	-4.352441	6.202233	5.345028
 - 	577	-2.427344	6.134256	3.862193
 - 	578	-0.961869	6.068749	2.897139
 - 	579	0.136415	5.926849	2.339597
 - 	580	1.065260	5.795476	1.949120
 - 	581	1.988092	5.778961	1.575197
 - 	582	2.929065	5.820202	1.220594
 - 	583	3.807173	5.849894	0.927830
 - 	584	4.561464	5.964603	0.677570
 - 	585	5.211108	6.262140	0.432579
 - 	586	5.804912	6.640516	0.214017
 - 	587	6.359365	6.923370	0.074202
 - 	588	6.856242	7.117040	0.030189
 - 	589	7.265804	7.464971	0.077882
 - 	590	7.556494	8.250291	0.249798
 - 	591	7.720527	9.530772	0.586405
 - 	592	7.826298	11.081790	1.025383
 - 	593	7.988089	12.662755	1.385663
 - 	594	8.140885	14.284125	1.549953
 - 	595	7.793630	15.981562	1.685196
 - 	596	6.234652	17.215998	2.224852
 - 	597	3.343019	16.795149	3.527133
 - 	598	0.210522	13.839893	5.459565
 - 	599	-1.439314	8.875378	7.348538
 - 	600	-0.646268	3.642246	8.460219
 - 	601	2.140458	-0.269413	8.583704
 - 	602	5.728985	-2.434148	8.123129
 - 	603	9.148018	-3.386577	7.661090
 - 	604	11.989669	-3.820550	7.500412
 - 	605	14.230283	-4.096662	7.589612
 - 	606	15.969807	-4.255258	7.751210
 - 	607	17.281307	-4.235731	7.871094
 - 	608	18.167961	-4.026711	7.885883
 - 	609	18.583183	-3.668424	7.714377
 - 	610	18.466068	-3.169653	7.302171
 - 	611	17.759686	-2.466644	6.721258
 - 	612	16.417324	-1.493579	6.178885
 - 	613	14.418541	-0.279627	5.909967
 - 	614	11.786638	1.043371	6.026181
 - 	615	8.581611	2.293932	6.435548
 - 	616	4.884949	3.278456	6.917244
 - 	617	0.818591	3.839778	7.273755
 - 	618	-3.421417	3.930024	7.407095
 - 	619	-7.585340	3.643033	7.322559
 - 	620	-11.445208	3.213063	7.143752
 - 	621	-14.848150	3.004099	7.095181
 - 	622	-17.702139	3.364542	7.400859
 - 	623	-19.917727	4.304998	8.191596
 - 	624	-21.364414	5.354263	9.461143
 - 	625	-21.914066	5.945092	10.991676
 - 	626	-21.575388	5.977890	12.339933
 - 	627	-20.576796	5.864432	13.061695
 - 	628	-19.258024	6.043264	13.006971
 - 	629	-17.855274	6.581351	12.356402
 - 	630	-16.400597	7.186806	11.426051
 - 	631	-14.807088	7.480629	10.483400
 - 	632	-13.006528	7.287835	9.631889
 - 	633	-11.004683	6.747405	8.747390
 - 	634	-8.861811	6.142572	7.574736
 - 	635	-6.674695	5.627832	6.001694
 - 	636	-4.576401	5.169344	4.254566
 - 	637	-2.714441	4.740590	2.767076
 - 	638	-1.196017	4.464749	1.834504
 - 	639	-0.031738	4.482980	1.408722
 - 	640	0.880948	4.731550	1.209213
 - 	641	1.699686	4.942718	0.988348
 - 	642	2.527419	4.902466	0.685515
 - 	643	3.355390	4.690869	0.368574
 - 	644	4.116911	4.611406	0.089706
 - 	645	4.773520	4.861772	-0.154503
 - 	646	5.343728	5.350591	-0.351478
 - 	647	5.879967	5.860128	-0.443391
 - 	648	6.429275	6.292354	-0.391078
 - 	649	6.989649	6.740053	-0.222095
 - 	650	7.487750	7.408300	0.012384
 - 	651	7.819111	8.467522	0.308358
 - 	652	7.944014	9.903382	0.690057
 - 	653	7.948173	11.524340	1.096588
 - 	654	7.944226	13.174734	1.343915
 - 	655	7.814444	14.828648	1.304894
 - 	656	7.084356	16.276022	1.167775
 - 	657	5.311210	16.786602	1.432312
 - 	658	2.805102	15.426897	2.506772
 - 	659	0.773120	11.917301	4.254761
 - 	660	0.430892	7.096432	6.022066
 - 	661	2.021206	2.428847	7.171968
 - 	662	4.843433	-0.963659	7.553612
 - 	663	8.010931	-2.867679	7.453257
 - 	664	10.967226	-3.775637	7.216093
 - 	665	13.497917	-4.272976	7.010128
 - 	666	15.567080	-4.624405	6.886095
 - 	667	17.191811	-4.803345	6.889029
 - 	668	18.371658	-4.736883	6.998727
 - 	669	19.068079	-4.460535	7.015926
 - 	670	19.226843	-4.072096	6.661332
 - 	671	18.809345	-3.576792	5.878255
 - 	672	17.794365	-2.832538	4.989536
 - 	673	16.154446	-1.699423	4.468185
 - 	674	13.856067	-0.227557	4.554553
 - 	675	10.900866	1.341426	5.131318
 - 	676	7.359948	2.732901	5.904277
 - 	677	3.371696	3.758457	6.603568
 - 	678	-0.872865	4.317701	7.051030
 - 	679	-5.152396	4.382807	7.196454
 - 	680	-9.260638	4.056492	7.183201
 - 	681	-13.045017	3.640499	7.322545
 - 	682	-16.395704	3.552473	7.897588
 - 	683	-19.194706	4.037237	8.928935
 - 	684	-21.276333	4.912181	10.128382
 - 	685	-22.461306	5.696077	11.120926
 - 	686	-22.675631	6.054964	11.720039
 - 	687	-22.050222	6.065383	11.958069
 - 	688	-20.883278	6.052249	11.905080
 - 	689	-19.488380	6.277765	11.567982
 - 	690	-18.051159	6.771880	10.960770
 - 	691	-16.586525	7.326694	10.186685
 - 	692	-15.008369	7.620119	9.413474
 - 	693	-13.242859	7.440856	8.743841
 - 	694	-11.290958	6.853661	8.076336
 - 	695	-9.219347	6.123915	7.140984
 - 	696	-7.130656	5.474439	5.768801
 - 	697	-5.141883	4.945564	4.130308
 - 	698	-3.360960	4.479565	2.640857
 - 	699	-1.863832	4.072662	1.626223
 - 	700	-0.675433	3.797140	1.111824
 - 	701	0.258217	3.695173	0.889117
 - 	702	1.073171	3.710459	0.711300
 - 	703	1.906760	3.761621	0.443037
 - 	704	2.793129	3.854733	0.089778
 - 	705	3.666869	4.071009	-0.281991
 - 	706	4.457255	4.449578	-0.630000
 - 	707	5.143831	4.922520	-0.930298
 - 	708	5.745771	5.364080	-1.122717
 - 	709	6.299892	5.694633	-1.119514
 - 	710	6.834689	5.976582	-0.884307
 - 	711	7.330201	6.447905	-0.461493
 - 	712	7.701676	7.420722	0.107686
 - 	713	7.853967	9.037802	0.844216
 - 	714	7.796266	11.071937	1.714242
 - 	715	7.708212	13.049120	2.481589
 - 	716	7.786352	14.655491	2.822079
 - 	717	7.882032	15.898209	2.662724
 - 	718	7.354072	16.682104	2.373180
 - 	719	5.598220	16.363396	2.559568
 - 	720	2.919865	14.103387	3.573171
 - 	721	0.660334	9.825854	5.137514
 - 	722	0.177310	4.643492	6.511534
 - 	723	1.774914	0.145658	7.114684
 - 	724	4.715348	-2.722913	6.972869
 - 	725	8.003860	-4.073221	6.544942
 - 	726	10.980293	-4.589098	6.244810
 - 	727	13.404552	-4.851620	6.213361
 - 	728	15.293542	-5.061490	6.412119
 - 	729	16.737679	-5.167645	6.732997
 - 	730	17.778147	-5.109548	6.981116
 - 	731	18.373486	-4.931804	6.890420
 - 	732	18.445343	-4.699708	6.318886
 - 	733	17.940144	-4.335938	5.452415
 - 	734	16.835321	-3.614395	4.708669
 - 	735	15.101058	-2.394732	4.400642
 - 	736	12.696117	-0.841375	4.551890
 - 	737	9.618620	0.678067	4.991219
 - 	738	5.952086	1.893451	5.493925
 - 	739	1.867501	2.735159	5.845023
 - 	740	-2.404914	3.202669	5.918828
 - 	741	-6.619638	3.312408	5.794731
 - 	742	-10.565959	3.184716	5.770829
 - 	743	-14.097021	3.056315	6.190167
 - 	744	-17.123444	3.179631	7.201365
 - 	745	-19.582333	3.706866	8.660369
 - 	746	-21.387924	4.565593	10.241219
 - 	747	-22.407856	5.420566	11.632401
 - 	748	-22.548180	5.907315	12.639133
 - 	749	-21.900707	5.976887	13.155447
 - 	750	-20.759682	5.931175	13.130842
 - 	751	-19.445728	6.110877	12.590860
 - 	752	-18.115026	6.595946	11.652059
 - 	753	-16.729988	7.151242	10.515746
 - 	754	-15.172370	7.402528	9.428344
 - 	755	-13.364001	7.117588	8.539042
 - 	756	-11.316248	6.378016	7.740561
 - 	757	-9.126715	5.488796	6.742489
 - 	758	-6.952076	4.736585	5.386528
 - 	759	-4.955995	4.247566	3.857673
 - 	760	-3.249499	4.031246	2.544922
 - 	761	-1.860139	4.059090	1.717552
 - 	762	-0.735441	4.233307	1.345515
 - 	763	0.226538	4.358187	1.193263
 - 	764	1.112692	4.298077	1.047870
 - 	765	1.935777	4.163445	0.844729
 - 	766	2.657601	4.211836	0.609863
 - 	767	3.272678	4.567986	0.369306
 - 	768	3.838924	5.131640	0.157917
 - 	769	4.424729	5.719602	0.052497
 - 	770	5.051807	6.223709	0.125318
 - 	771	5.690572	6.688294	0.376313
 - 	772	6.288004	7.306705	0.749527
 - 	773	6.789756	8.289843	1.203949
 - 	774	7.153945	9.654056	1.716241
 - 	775	7.359637	11.158437	2.193975
 - 	776	7.358384	12.506512	2.440662
 - 	777	6.957736	13.547144	2.298301
 - 	778	5.842702	14.157593	1.878509
 - 	779	3.954646	13.975353	1.615563
 - 	780	1.919574	12.472245	1.977191
 - 	781	0.832752	9.456137	3.042137
 - 	782	1.408762	5.465958	4.393365
 - 	783	3.466531	1.570154	5.473661
 - 	784	6.289786	-1.293308	6.023011
 - 	785	9.238646	-2.861244	6.168434
 - 	786	11.955725	-3.526297	6.175685
 - 	787	14.280951	-3.844109	6.193016
 - 	788	16.166437	-4.101837	6.207520
 - 	789	17.611471	-4.297675	6.138477
 - 	790	18.601902	-4.352219	5.902322
 - 	791	19.100155	-4.229770	5.436165
 - 	792	19.067848	-3.897520	4.750695
 - 	793	18.464863	-3.262802	3.988674
 - 	794	17.232044	-2.229609	3.400979
 - 	795	15.305420	-0.844609	3.220690
 - 	796	12.662876	0.659548	3.516890
 - 	797	9.353641	2.021672	4.146144
 - 	798	5.487922	3.119125	4.848477
 - 	799	1.219935	3.917808	5.406516
 - 	800	-3.251461	4.327722	5.745594
 - 	801	-7.690223	4.258841	5.937982
 - 	802	-11.863497	3.843650	6.161266
 - 	803	-15.590967	3.494024	6.644541
 - 	804	-18.754381	3.638943	7.562177
 - 	805	-21.245277	4.361758	8.872837
 - 	806	-22.906624	5.303178	10.270378
 - 	807	-23.584278	5.972641	11.388288
 - 	808	-23.292511	6.170228	12.061995
 - 	809	-22.299322	6.091182	12.330494
 - 	810	-20.992008	6.085788	12.232969
 - 	811	-19.653881	6.382921	11.730162
 - 	812	-18.362522	6.956506	10.843454
 - 	813	-17.049259	7.528337	9.788507
 - 	814	-15.615236	7.724975	8.883026
 - 	815	-14.002825	7.349780	8.255977
 - 	816	-12.206940	6.537917	7.666400
 - 	817	-10.272918	5.618517	6.720690
 - 	818	-8.300325	4.844536	5.317998
 - 	819	-6.421036	4.274228	3.814155
 - 	820	-4.744884	3.835155	2.713540
 - 	821	-3.322932	3.424568	2.250575
 - 	822	-2.156501	3.036133	2.277328
 - 	823	-1.207549	2.898580	2.475890
 - 	824	-0.384232	3.327173	2.617424
 - 	825	0.434494	4.251678	2.638234
 - 	826	1.308373	5.120910	2.538979
 - 	827	2.189201	5.511599	2.285203
 - 	828	2.995089	5.575792	1.837866
 - 	829	3.710479	5.694163	1.252730
 - 	830	4.397771	5.978118	0.699058
 - 	831	5.132105	6.295890	0.346190
 - 	832	5.926508	6.581178	0.229483
 - 	833	6.696662	6.972733	0.267281
 - 	834	7.298032	7.718777	0.430400
 - 	835	7.628629	8.969000	0.807369
 - 	836	7.737072	10.620001	1.395224
 - 	837	7.834888	12.398808	1.900192
 - 	838	8.104262	14.105370	1.945070
 - 	839	8.360719	15.611210	1.525325
 - 	840	7.965974	16.520779	1.145136
 - 	841	6.365507	16.058226	1.428018
 - 	842	3.883740	13.590475	2.573708
 - 	843	1.795379	9.326560	4.152214
 - 	844	1.378892	4.415887	5.420760
 - 	845	2.943103	0.255822	5.903499
 - 	846	5.809156	-2.398489	5.719602
 - 	847	9.010889	-3.716775	5.381034
 - 	848	11.878549	-4.324961	5.304276
 - 	849	14.163373	-4.716556	5.519015
 - 	850	15.888268	-5.065266	5.791347
 - 	851	17.159809	-5.344093	5.935750
 - 	852	18.041151	-5.474089	5.940700
 - 	853	18.505194	-5.402125	5.837954
 - 	854	18.465153	-5.089684	5.607904
 - 	855	17.842972	-4.465998	5.290791
 - 	856	16.600086	-3.479311	5.074057
 - 	857	14.714146	-2.221315	5.159930
 - 	858	12.171029	-0.916476	5.584489
 - 	859	9.003130	0.247750	6.184266
 - 	860	5.319221	1.210736	6.678412
 - 	861	1.288751	1.942986	6.812923
 - 	862	-2.891170	2.364744	6.533965
 - 	863	-7.018700	2.437474	6.047101
 - 	864	-10.911744	2.281600	5.686182
 - 	865	-14.440005	2.130872	5.746075
 - 	866	-17.533411	2.192918	6.407958
 - 	867	-20.135679	2.559421	7.685998
 - 	868	-22.124329	3.146614	9.376542
 - 	869	-23.295290	3.686135	11.139403
 - 	870	-23.502138	3.916304	12.691314
 - 	871	-22.847385	3.873754	13.900217
 - 	872	-21.681252	3.921336	14.712047
 - 	873	-20.363024	4.440146	15.059729
 - 	874	-19.029926	5.503521	14.880293
 - 	875	-17.589182	6.795433	14.215609
 - 	876	-15.887371	7.807935	13.254879
 - 	877	-13.858470	8.194583	12.190708
 - 	878	-11.539844	8.007868	11.000555
 - 	879	-9.024767	7.591878	9.463596
 - 	880	-6.452740	7.231901	7.471360
 - 	881	-4.018776	6.903247	5.266545
 - 	882	-1.927795	6.360146	3.305201
 - 	883	-0.300450	5.517920	1.907557
 - 	884	0.890055	4.743630	1.076958
 - 	885	1.789588	4.578928	0.617125
 - 	886	2.561054	5.080265	0.352601
 - 	887	3.297903	5.705492	0.208460
 - 	888	4.022074	5.999724	0.130747
 - 	889	4.732130	6.062639	0.035527
 - 	890	5.426157	6.201430	-0.110660
 - 	891	6.091284	6.496641	-0.212641
 - 	892	6.702194	6.883972	-0.117194
 - 	893	7.238381	7.397941	0.242854
 - 	894	7.687221	8.158050	0.806685
 - 	895	8.026124	9.181407	1.459762
 - 	896	8.234613	10.287912	2.084356
 - 	897	8.353640	11.240266	2.532214
 - 	898	8.485582	12.017278	2.627349
 - 	899	8.616362	12.874641	2.290878
 - 	900	8.394836	13.941000	1.723430
 - 	901	7.284789	14.671353	1.441599
 - 	902	5.228467	13.937948	1.975444
 - 	903	3.128052	11.019149	3.360619
 - 	904	2.314196	6.530016	4.965777
 - 	905	3.424114	2.103570	5.980844
 - 	906	5.996854	-0.922256	6.105088
 - 	907	9.093778	-2.357042	5.709703
 - 	908	12.011534	-2.842326	5.395235
 - 	909	14.451496	-3.056817	5.476013
 - 	910	16.364487	-3.298742	5.833844
 - 	911	17.806055	-3.551742	6.144326
 - 	912	18.847599	-3.688105	6.175220
 - 	913	19.502026	-3.583073	5.881128
 - 	914	19.692234	-3.158493	5.330841
 - 	915	19.292244	-2.419997	4.677285
 - 	916	18.198273	-1.458916	4.165518
 - 	917	16.365927	-0.386786	4.016861
 - 	918	13.806252	0.721767	4.231759
 - 	919	10.577744	1.808450	4.544117
 - 	920	6.792110	2.778000	4.630158
 - 	921	2.612467	3.470525	4.410139
 - 	922	-1.768876	3.695096	4.170045
 - 	923	-6.150088	3.357675	4.363806
 - 	924	-10.327551	2.612137	5.233262
 - 	925	-14.112307	1.881760	6.588356
 - 	926	-17.349592	1.670376	7.971091
 - 	927	-19.910480	2.221343	9.018461
 - 	928	-21.671032	3.287018	9.647408
 - 	929	-22.541824	4.314044	9.965551
 - 	930	-22.554340	4.916543	10.106905
 - 	931	-21.906240	5.128878	10.146652
 - 	932	-20.884115	5.238324	10.095938
 - 	933	-19.720146	5.475748	9.942986
 - 	934	-18.506416	5.842279	9.715195
 - 	935	-17.212669	6.144540	9.498282
 - 	936	-15.753106	6.196571	9.335553
 - 	937	-14.042214	6.016688	9.076956
 - 	938	-12.039814	5.805748	8.416741
 - 	939	-9.795879	5.705534	7.187736
 - 	940	-7.457884	5.594655	5.592684
 - 	941	-5.213917	5.198239	4.060357
 - 	942	-3.215958	4.484908	2.880948
 - 	943	-1.533892	3.885176	2.033116
 - 	944	-0.143530	3.892317	1.331962
 - 	945	1.043098	4.425414	0.656813
 - 	946	2.102913	4.879649	0.016221
 - 	947	3.053219	4.889302	-0.539300
 - 	948	3.880569	4.715688	-0.992308
 - 	949	4.583707	4.777942	-1.339382
 - 	950	5.177451	5.132933	-1.552134
 - 	951	5.691417	5.561256	-1.597451
 - 	952	6.170856	5.934911	-1.473118
 - 	953	6.640560	6.374655	-1.173083
 - 	954	7.052670	7.147092	-0.621403
 - 	955	7.297318	8.432397	0.264557
 - 	956	7.311008	10.103124	1.359891
 - 	957	7.208812	11.751087	2.239410
 - 	958	7.274826	13.059177	2.438548
 - 	959	7.696987	14.130902	1.869508
 - 	960	8.204355	15.242813	0.979511
 - 	961	8.054310	16.169085	0.513201
 - 	962	6.656785	15.966010	1.067391
 - 	963	4.366484	13.707253	2.687115
 - 	964	2.478876	9.463629	4.736961
 - 	965	2.238157	4.440879	6.249906
 - 	966	3.903220	0.130525	6.619448
 - 	967	6.793062	-2.661439	6.045658
 - 	968	9.985607	-4.077488	5.289409
 - 	969	12.849512	-4.738124	5.012500
 - 	970	15.145565	-5.143003	5.352363
 - 	971	16.893881	-5.456123	6.000596
 - 	972	18.198704	-5.644064	6.546647
 - 	973	19.121111	-5.645691	6.739396
 - 	974	19.631554	-5.419835	6.527678
 - 	975	19.633785	-4.926482	6.002184
 - 	976	19.023178	-4.120009	5.381993
 - 	977	17.727343	-2.989011	4.956865
 - 	978	15.707580	-1.620734	4.884604
 - 	979	12.951765	-0.210556	5.039635
 - 	980	9.490770	1.030513	5.137670
 - 	981	5.427061	1.975237	5.006220
 - 	982	0.940727	2.554634	4.718466
 - 	983	-3.735480	2.691718	4.539347
 - 	984	-8.349740	2.396533	4.783318
 - 	985	-12.661509	1.954492	5.615104
 - 	986	-16.465952	1.885185	6.892342
 - 	987	-19.590988	2.544700	8.259265
 - 	988	-21.869400	3.729059	9.437086
 - 	989	-23.151905	4.801573	10.365305
 - 	990	-23.401342	5.289209	11.089203
 - 	991	-22.783445	5.264473	11.635941
 - 	992	-21.626823	5.150883	12.007252
 - 	993	-20.256201	5.320487	12.190368
 - 	994	-18.843399	5.884570	12.150570
 - 	995	-17.389561	6.684716	11.868661
 - 	996	-15.811722	7.398649	11.394220
 - 	997	-14.031523	7.738075	10.794303
 - 	998	-12.011280	7.622631	10.008801
 - 	999	-9.767967	7.172126	8.831890
 - 	1000	-7.399306	6.553348	7.143347
 - 	1001	-5.085950	5.887365	5.146081
 - 	1002	-3.026709	5.301697	3.285598
 - 	1003	-1.343550	4.974491	1.915519
 - 	1004	-0.029205	5.019254	1.074076
 - 	1005	1.030568	5.312883	0.559923
 - 	1006	1.971335	5.522614	0.159080
 - 	1007	2.859530	5.397460	-0.214959
 - 	1008	3.683464	5.042601	-0.553247
 - 	1009	4.424617	4.829226	-0.849458
 - 	1010	5.103483	5.010349	-1.114620
 - 	1011	5.751599	5.507257	-1.308678
 - 	1012	6.374697	6.083442	-1.320358
 - 	1013	6.956424	6.628523	-1.055542
 - 	1014	7.471040	7.255844	-0.533765
 - 	1015	7.871245	8.191066	0.139936
 - 	1016	8.090693	9.559701	0.893473
 - 	1017	8.119566	11.239375	1.698563
 - 	1018	8.085400	12.957176	2.425736
 - 	1019	8.140702	14.562657	2.806519
 - 	1020	8.126228	16.077160	2.692479
 - 	1021	7.420550	17.317892	2.361679
 - 	1022	5.455862	17.558796	2.461607
 - 	1023	2.588522	15.857815	3.516283
 - 	1024	0.222406	11.943270	5.396391
 - 	1025	-0.249510	6.762241	7.316345
 - 	1026	1.437861	1.977831	8.468438
 - 	1027	4.461210	-1.193144	8.673510
 - 	1028	7.781116	-2.665060	8.376381
 - 	1029	10.764055	-3.140895	8.100180
 - 	1030	13.213894	-3.314512	8.045242
 - 	1031	15.154385	-3.445604	8.156761
 - 	1032	16.642708	-3.480480	8.336394
 - 	1033	17.681366	-3.338081	8.470740
 - 	1034	18.220509	-3.026812	8.394525
 - 	1035	18.197704	-2.569189	7.994120
 - 	1036	17.554180	-1.907540	7.348493
 - 	1037	16.228649	-0.944382	6.700747
 - 	1038	14.173449	0.320369	6.291228
 - 	1039	11.394576	1.730398	6.232197
 - 	1040	7.965566	3.051938	6.499080
 - 	1041	4.001795	4.076226	6.986360
 - 	1042	-0.353195	4.660799	7.551786
 - 	1043	-4.904720	4.744026	8.030243
 - 	1044	-9.398939	4.387776	8.272944
 - 	1045	-13.573261	3.836236	8.249959
 - 	1046	-17.232414	3.484592	8.157203
 - 	1047	-20.274929	3.662108	8.375728
 - 	1048	-22.625448	4.352866	9.177155
 - 	1049	-24.146788	5.166167	10.404064
 - 	1050	-24.693552	5.664393	11.556325
 - 	1051	-24.303207	5.714198	12.240118
 - 	1052	-23.278221	5.498178	12.428137
 - 	1053	-22.023296	5.291851	12.295729
 - 	1054	-20.810236	5.316411	11.958853
 - 	1055	-19.675596	5.684669	11.412696
 - 	1056	-18.475388	6.314241	10.644714
 - 	1057	-17.024529	6.900286	9.748271
 - 	1058	-15.231876	7.102180	8.878710
 - 	1059	-13.148200	6.816154	8.068449
 - 	1060	-10.919761	6.237010	7.156696
 - 	1061	-8.718546	5.653418	5.995143
 - 	1062	-6.701699	5.223471	4.687003
 - 	1063	-4.990375	4.939341	3.532981
 - 	1064	-3.635449	4.754883	2.754104
 - 	1065	-2.568820	4.714112	2.323136
 - 	1066	-1.607655	4.913445	2.044182
 - 	1067	-0.575107	5.312198	1.737501
 - 	1068	0.552763	5.692786	1.339123
 - 	1069	1.650556	5.916650	0.870374
 - 	1070	2.594987	6.095648	0.374401
 - 	1071	3.376245	6.390759	-0.099613
 - 	1072	4.070770	6.773110	-0.492753
 - 	1073	4.753110	7.100531	-0.755531
 - 	1074	5.436179	7.367302	-0.850140
 - 	1075	6.052238	7.827507	-0.688699
 - 	1076	6.474425	8.844950	-0.103715
 - 	1077	6.610884	10.535143	0.980929
 - 	1078	6.552341	12.551128	2.281854
 - 	1079	6.606706	14.346619	3.189093
 - 	1080	7.044014	15.674456	3.221171
 - 	1081	7.674704	16.659676	2.479856
 - 	1082	7.733751	17.274216	1.668069
 - 	1083	6.446783	16.892771	1.651734
 - 	1084	3.937396	14.642867	2.842079
 - 	1085	1.473687	10.341494	4.823506
 - 	1086	0.565805	5.009980	6.616717
 - 	1087	1.799246	0.274743	7.453175
 - 	1088	4.596421	-2.814135	7.337792
 - 	1089	7.898615	-4.331675	6.867253
 - 	1090	10.890549	-4.984756	6.610544
 - 	1091	13.253485	-5.343925	6.740585
 - 	1092	15.037385	-5.576281	7.135346
 - 	1093	16.400780	-5.639217	7.616068
 - 	1094	17.410879	-5.509144	8.018811
 - 	1095	18.005709	-5.238337	8.156047
 - 	1096	18.079538	-4.874685	7.873783
 - 	1097	17.565699	-4.362259	7.214693
 - 	1098	16.444839	-3.559402	6.470349
 - 	1099	14.708254	-2.396986	5.999242
 - 	1100	12.340092	-0.999924	5.989149
 - 	1101	9.341681	0.389560	6.390702
 - 	1102	5.767074	1.581415	6.993320
 - 	1103	1.736386	2.484365	7.506324
 - 	1104	-2.571690	3.038238	7.666061
 - 	1105	-6.940438	3.209867	7.410456
 - 	1106	-11.151493	3.090725	6.979094
 - 	1107	-15.023352	2.954166	6.809506
 - 	1108	-18.421171	3.137394	7.286655
 - 	1109	-21.218287	3.773772	8.463432
 - 	1110	-23.241482	4.627828	9.936977
 - 	1111	-24.299545	5.282774	11.096587
 - 	1112	-24.335999	5.518011	11.595225
 - 	1113	-23.551561	5.452173	11.546467
 - 	1114	-22.316568	5.370533	11.264981
 - 	1115	-20.940506	5.514235	10.919176
 - 	1116	-19.529482	5.970436	10.475772
 - 	1117	-18.033073	6.613396	9.897966
 - 	1118	-16.379078	7.142146	9.290292
 - 	1119	-14.549488	7.285580	8.793234
 - 	1120	-12.556581	7.022043	8.350549
 - 	1121	-10.402633	6.564800	7.668160
 - 	1122	-8.112370	6.129976	6.491220
 - 	1123	-5.800026	5.759482	4.915319
 - 	1124	-3.656796	5.337125	3.355605
 - 	1125	-1.846686	4.705031	2.193540
 - 	1126	-0.416054	3.855161	1.492112
 - 	1127	0.716001	3.140113	1.042902
 - 	1128	1.699674	3.097552	0.614849
 - 	1129	2.653350	3.806623	0.126442
 - 	1130	3.583270	4.666708	-0.373266
 - 	1131	4.417913	5.104305	-0.824276
 - 	1132	5.120681	5.195087	-1.216121
 - 	1133	5.732078	5.340322	-1.536836
 - 	1134	6.309916	5.674523	-1.722711
 - 	1135	6.871676	6.043087	-1.712198
 - 	1136	7.394514	6.356072	-1.529883
 - 	1137	7.831632	6.795948	-1.250935
 - 	1138	8.105939	7.720311	-0.860847
 - 	1139	8.120948	9.351386	-0.222877
 - 	1140	7.860912	11.492939	0.719560
 - 	1141	7.525279	13.600179	1.708512
 - 	1142	7.476816	15.231887	2.246230
 - 	1143	7.880088	16.376190	2.019104
 - 	1144	8.316347	17.161924	1.296012
 - 	1145	7.936450	17.279190	0.874148
 - 	1146	6.290459	15.957184	1.506631
 - 	1147	4.045513	12.709434	3.224052
 - 	1148	2.627493	8.034075	5.198317
 - 	1149	3.044226	3.218617	6.406293
 - 	1150	5.189064	-0.557822	6.493507
 - 	1151	8.207511	-2.877840	5.954071
 - 	1152	11.239913	-4.018475	5.530004
 - 	1153	13.806320	-4.503456	5.571922
 - 	1154	15.791316	-4.733868	5.944411
 - 	1155	17.268808	-4.869051	6.320444
 - 	1156	18.320171	-4.914839	6.437591
 - 	1157	18.933403	-4.840025	6.178910
 - 	1158	19.018347	-4.583994	5.577517
 - 	1159	18.484747	-4.030788	4.816057
 - 	1160	17.291908	-3.086384	4.177129
 - 	1161	15.440081	-1.810297	3.889375
 - 	1162	12.947636	-0.429399	3.967416
 - 	1163	9.847637	0.796368	4.214046
 - 	1164	6.199652	1.707587	4.379125
 - 	1165	2.113758	2.268480	4.322178
 - 	1166	-2.228791	2.513332	4.089176
 - 	1167	-6.592035	2.491086	3.909525
 - 	1168	-10.734198	2.245510	4.114320
 - 	1169	-14.447194	1.859396	4.955973
 - 	1170	-17.573746	1.550603	6.389570
 - 	1171	-20.011112	1.655226	8.023847
 - 	1172	-21.690399	2.349865	9.383850
 - 	1173	-22.554331	3.380664	10.252245
 - 	1174	-22.604082	4.249085	10.708481
 - 	1175	-21.987072	4.709344	10.894831
 - 	1176	-20.984230	4.950023	10.865108
 - 	1177	-19.863918	5.288979	10.634460
 - 	1178	-18.746298	5.810194	10.262540
 - 	1179	-17.598036	6.302621	9.862431
 - 	1180	-16.320221	6.489221	9.526521
 - 	1181	-14.825792	6.300624	9.190446
 - 	1182	-13.075723	5.927598	8.592491
 - 	1183	-11.109466	5.620137	7.490080
 - 	1184	-9.062763	5.459994	5.961238
 - 	1185	-7.124207	5.322332	4.416272
 - 	1186	-5.445583	5.064986	3.265472
 - 	1187	-4.078279	4.775724	2.607710
 - 	1188	-2.966472	4.753358	2.254335
 - 	1189	-1.987313	5.143598	1.995171
 - 	1190	-1.028552	5.680230	1.773102
 - 	1191	-0.057137	5.951183	1.611457
 - 	1192	0.888206	5.883618	1.470606
 - 	1193	1.766144	5.795702	1.252766
 - 	1194	2.580699	5.975970	0.913828
 - 	1195	3.370615	6.379901	0.502139
 - 	1196	4.169722	6.771208	0.091492
 - 	1197	4.970637	7.052781	-0.264265
 - 	1198	5.701982	7.438083	-0.472825
 - 	1199	6.235007	8.328682	-0.339423
 - 	1200	6.451310	9.967471	0.325159
 - 	1201	6.369053	12.160681	1.441263
 - 	1202	6.225882	14.395822	2.547683
 - 	1203	6.351338	16.273270	3.089241
 - 	1204	6.802374	17.723925	2.901051
 - 	1205	7.088393	18.694370	2.412127
 - 	1206	6.469073	18.716072	2.360637
 - 	1207	4.775953	17.048939	3.244430
 - 	1208	2.879904	13.404146	4.906752
 - 	1209	2.091696	8.447554	6.595274
 - 	1210	3.086252	3.472463	7.531361
 - 	1211	5.535870	-0.422158	7.527722
 - 	1212	8.622835	-2.863852	7.050002
 - 	1213	11.644258	-4.137665	6.691474
 - 	1214	14.224336	-4.780540	6.659366
 - 	1215	16.262087	-5.203127	6.762378
 - 	1216	17.812401	-5.535660	6.763762
 - 	1217	18.956974	-5.710577	6.617999
 - 	1218	19.704514	-5.636599	6.372174
 - 	1219	19.970928	-5.275871	6.000632
 - 	1220	19.635214	-4.592878	5.489635
 - 	1221	18.601086	-3.531757	5.021055
 - 	1222	16.814339	-2.104856	4.892349
 - 	1223	14.259567	-0.460882	5.222479
 - 	1224	10.969822	1.169442	5.825487
 - 	1225	7.040861	2.567052	6.383083
 - 	1226	2.636145	3.567162	6.683774
 - 	1227	-2.018150	4.073153	6.718900
 - 	1228	-6.657649	4.091153	6.650587
 - 	1229	-11.027295	3.773021	6.734133
 - 	1230	-14.926327	3.408218	7.204341
 - 	1231	-18.223137	3.341860	8.122704
 - 	1232	-20.829088	3.823845	9.296478
 - 	1233	-22.642151	4.793258	10.433266
 - 	1234	-23.537701	5.788459	11.426263
 - 	1235	-23.486439	6.279270	12.385189
 - 	1236	-22.692188	6.211136	13.343047
 - 	1237	-21.528996	6.082841	14.077287
 - 	1238	-20.289612	6.417016	14.297980
 - 	1239	-19.020306	7.268269	13.921427
 - 	1240	-17.599220	8.246716	13.126646
 - 	1241	-15.915574	8.875271	12.203480
 - 	1242	-13.953914	8.909326	11.325811
 - 	1243	-11.770111	8.437409	10.406202
 - 	1244	-9.462121	7.748328	9.197716
 - 	1245	-7.178050	7.086389	7.602903
 - 	1246	-5.106213	6.487462	5.865169
 - 	1247	-3.403970	5.823304	4.400817
 - 	1248	-2.116416	5.064192	3.453609
 - 	1249	-1.161967	4.527843	2.955553
 - 	1250	-0.388503	4.661568	2.690345
 - 	1251	0.347640	5.427571	2.494224
 - 	1252	1.122414	6.195141	2.274307
 - 	1253	1.939120	6.462542	1.938019
 - 	1254	2.774371	6.370159	1.408912
 - 	1255	3.614719	6.317849	0.699513
 - 	1256	4.447854	6.417920	-0.079974
 - 	1257	5.244088	6.522668	-0.775732
 - 	1258	5.961624	6.579031	-1.235173
 - 	1259	6.555039	6.801407	-1.325877
 - 	1260	6.966539	7.536267	-0.957035
 - 	1261	7.134162	8.979044	-0.126159
 - 	1262	7.054325	10.990957	1.011748
 - 	1263	6.836754	13.180030	2.111625
 - 	1264	6.612930	15.143977	2.756948
 - 	1265	6.305881	16.562124	2.754313
 - 	1266	5.578664	17.032578	2.384754
 - 	1267	4.243732	16.015066	2.298610
 - 	1268	2.767997	13.194528	3.020423
 - 	1269	2.113415	8.934656	4.464424
 - 	1270	2.931021	4.242498	5.972087
 - 	1271	5.069540	0.228656	6.900386
 - 	1272	7.893070	-2.449194	7.151031
 - 	1273	10.819487	-3.797792	7.091798
 - 	1274	13.501678	-4.303284	7.074983
 - 	1275	15.761942	-4.506798	7.156408
 - 	1276	17.531136	-4.674675	7.204852
 - 	1277	18.806162	-4.797548	7.119073
 - 	1278	19.595676	-4.782120	6.897902
 - 	1279	19.880177	-4.562742	6.580300
 - 	1280	19.597174	-4.070629	6.221282
 - 	1281	18.645523	-3.213673	5.939817
 - 	1282	16.918837	-1.987265	5.876470
 - 	1283	14.366838	-0.585408	6.042195
 - 	1284	11.039186	0.698697	6.285719
 - 	1285	7.072311	1.681494	6.436590
 - 	1286	2.651539	2.321406	6.422828
 - 	1287	-1.998808	2.591669	6.286263
 - 	1288	-6.613257	2.445811	6.180451
 - 	1289	-10.921366	1.925363	6.342617
 - 	1290	-14.712631	1.265197	6.966703
 - 	1291	-17.867804	0.894720	8.025135
 - 	1292	-20.319267	1.246724	9.219290
 - 	1293	-21.971455	2.380006	10.170231
 - 	1294	-22.688408	3.790746	10.687279
 - 	1295	-22.427322	4.796117	10.839861
 - 	1296	-21.387188	5.150969	10.800735
 - 	1297	-19.945518	5.181491	10.658112
 - 	1298	-18.415169	5.363007	10.359482
 - 	1299	-16.893841	5.879948	9.811216
 - 	1300	-15.331901	6.524426	9.034528
 - 	1301	-13.676146	6.900073	8.210274
 - 	1302	-11.924688	6.749903	7.523927
 - 	1303	-10.090940	6.164938	6.938151
 - 	1304	-8.177936	5.481773	6.168181
 - 	1305	-6.212849	4.966021	4.968410
 - 	1306	-4.282629	4.621094	3.453026
 - 	1307	-2.501020	4.315372	2.064203
 - 	1308	-0.937686	4.047432	1.194372
 - 	1309	0.404396	4.015715	0.881853
 - 	1310	1.555758	4.386833	0.875896
 - 	1311	2.556894	5.017844	0.904040
 - 	1312	3.454302	5.494408	0.822834
 - 	1313	4.275233	5.525438	0.601927
 - 	1314	5.001313	5.270082	0.281518
 - 	1315	5.591218	5.168869	-0.047718
 - 	1316	6.030098	5.468497	-0.273297
 - 	1317	6.349809	6.036349	-0.297832
 - 	1318	6.611852	6.612826	-0.081890
 - 	1319	6.871097	7.101307	0.319141
 - 	1320	7.130953	7.622887	0.780823
 - 	1321	7.320958	8.394274	1.201288
 - 	1322	7.345689	9.534268	1.551993
 - 	1323	7.199807	10.929312	1.816712
 - 	1324	7.041736	12.351235	1.918619
 - 	1325	7.070409	13.764365	1.790468
 - 	1326	7.184158	15.354598	1.559000
 - 	1327	6.750606	16.999805	1.618229
 - 	1328	5.004274	17.733131	2.428144
 - 	1329	2.004960	16.137941	4.126390
 - 	1330	-0.906041	11.685432	6.254768
 - 	1331	-2.010037	5.628928	7.939641
 - 	1332	-0.638593	0.207466	8.529932
 - 	1333	2.470183	-3.111446	8.126705
 - 	1334	6.044209	-4.441555	7.421780
 - 	1335	9.195326	-4.770311	7.038376
 - 	1336	11.645502	-4.900200	7.113715
 - 	1337	13.475943	-5.073589	7.443865
 - 	1338	14.825797	-5.200516	7.813440
 - 	1339	15.738796	-5.170797	8.082685
 - 	1340	16.166365	-4.981441	8.083749
 - 	1341	16.045975	-4.667269	7.651382
 - 	1342	15.355250	-4.164074	6.833562
 - 	1343	14.093777	-3.315907	5.953356
 - 	1344	12.233322	-2.076289	5.366172
 - 	1345	9.714908	-0.654818	5.197840
 - 	1346	6.512672	0.602350	5.319973
 - 	1347	2.709800	1.454006	5.482206
 - 	1348	-1.477619	1.864248	5.463431
 - 	1349	-5.750148	1.937982	5.218248
 - 	1350	-9.816072	1.832154	4.957358
 - 	1351	-13.466638	1.720898	5.051023
 - 	1352	-16.602825	1.807878	5.777771
 - 	1353	-19.210945	2.293065	7.122192
 - 	1354	-21.283922	3.180117	8.816593
 - 	1355	-22.727533	4.097555	10.566633
 - 	1356	-23.372742	4.518435	12.188950
 - 	1357	-23.145519	4.284402	13.558535
 - 	1358	-22.223591	3.808914	14.547992
 - 	1359	-20.967815	3.704334	15.052649
 - 	1360	-19.672590	4.272076	14.995317
 - 	1361	-18.391602	5.325794	14.317459
 - 	1362	-16.987814	6.374798	13.064610
 - 	1363	-15.308952	6.934116	11.466770
 - 	1364	-13.312797	6.775041	9.815596
 - 	1365	-11.081895	6.021637	8.228315
 - 	1366	-8.779926	5.037366	6.611022
 - 	1367	-6.601995	4.160663	4.886044
 - 	1368	-4.720434	3.495130	3.187137
 - 	1369	-3.217868	2.954310	1.789759
 - 	1370	-2.037144	2.530707	0.891016
 - 	1371	-1.011377	2.427473	0.483154
 - 	1372	0.007704	2.775313	0.397829
 - 	1373	1.032000	3.336236	0.426837
 - 	1374	1.964017	3.751005	0.412133
 - 	1375	2.726921	3.979773	0.279182
 - 	1376	3.337443	4.234826	0.044159
 - 	1377	3.876888	4.605381	-0.188552
 - 	1378	4.434848	4.998363	-0.262901
 - 	1379	5.066693	5.371182	-0.057658
 - 	1380	5.757999	5.864502	0.436997
 - 	1381	6.401602	6.729212	1.146539
 - 	1382	6.821239	8.150970	2.013296
 - 	1383	6.881762	10.085482	3.001471
 - 	1384	6.630186	12.249025	3.963038
 - 	1385	6.261676	14.287439	4.602454
 - 	1386	5.814754	15.869268	4.717743
 - 	1387	4.945429	16.526028	4.495934
 - 	1388	3.279309	15.561424	4.485409
 - 	1389	1.135632	12.464125	5.168638
 - 	1390	-0.354105	7.585735	6.496880
 - 	1391	-0.135195	2.251143	7.892895
 - 	1392	1.866471	-2.044714	8.774663
 - 	1393	4.856887	-4.599010	9.033535
 - 	1394	7.949201	-5.687723	8.983436
 - 	1395	10.648965	-6.009113	8.963446
 - 	1396	12.817936	-6.096251	9.073872
 - 	1397	14.470976	-6.134192	9.197962
 - 	1398	15.646273	-6.098986	9.128449
 - 	1399	16.354919	-5.941507	8.678753
 - 	1400	16.568741	-5.632210	7.806672
 - 	1401	16.230946	-5.098829	6.701324
 - 	1402	15.280033	-4.228863	5.709325
 - 	1403	13.671167	-2.999273	5.131523
 - 	1404	11.389193	-1.576071	5.060032
 - 	1405	8.460947	-0.234751	5.345053
 - 	1406	4.966895	0.807754	5.676913
 - 	1407	1.044522	1.455769	5.759535
 - 	1408	-3.117472	1.681389	5.511529
 - 	1409	-7.294765	1.504170	5.157935
 - 	1410	-11.254603	1.047881	5.109651
 - 	1411	-14.788684	0.571834	5.678899
 - 	1412	-17.743647	0.413795	6.826700
 - 	1413	-20.031319	0.838680	8.174225
 - 	1414	-21.594568	1.816274	9.310181
 - 	1415	-22.366838	2.937891	10.078640
 - 	1416	-22.317688	3.706604	10.547553
 - 	1417	-21.565365	3.971338	10.808498
 - 	1418	-20.396471	4.010201	10.896882
 - 	1419	-19.122337	4.218000	10.801761
 - 	1420	-17.907087	4.771996	10.460110
 - 	1421	-16.723368	5.515161	9.822528
 - 	1422	-15.440578	6.069821	8.981330
 - 	1423	-13.941958	6.115705	8.138760
 - 	1424	-12.189042	5.637953	7.377689
 - 	1425	-10.234000	4.910662	6.549106
 - 	1426	-8.209991	4.243076	5.486355
 - 	1427	-6.292753	3.774082	4.282015
 - 	1428	-4.626526	3.498076	3.248236
 - 	1429	-3.260827	3.422935	2.613523
 - 	1430	-2.146201	3.632956	2.337719
 - 	1431	-1.180667	4.137597	2.220025
 - 	1432	-0.276752	4.694221	2.101111
 - 	1433	0.584476	4.955770	1.922825
 - 	1434	1.364849	4.862274	1.662440
 - 	1435	2.045637	4.722083	1.299735
 - 	1436	2.675058	4.841530	0.855686
 - 	1437	3.330325	5.227319	0.413045
 - 	1438	4.056102	5.684237	0.072323
 - 	1439	4.845027	6.068880	-0.110014
 - 	1440	5.644805	6.429235	-0.128441
 - 	1441	6.359412	6.985189	0.041202
 - 	1442	6.862456	7.973824	0.488500
 - 	1443	7.065388	9.456703	1.259071
 - 	1444	7.023558	11.279873	2.169740
 - 	1445	6.946623	13.230431	2.833857
 - 	1446	6.974240	15.142066	2.982075
 - 	1447	6.862521	16.723412	2.772119
 - 	1448	6.058620	17.315701	2.753270
 - 	1449	4.363038	16.073965	3.468028
 - 	1450	2.502898	12.669461	4.957752
 - 	1451	1.743654	7.844589	6.599861
 - 	1452	2.831864	3.067135	7.556767
 - 	1453	5.474902	-0.478927	7.494047
 - 	1454	8.784658	-2.527748	6.823162
 - 	1455	11.970196	-3.509134	6.240117
 - 	1456	14.643128	-3.969982	6.122450
 - 	1457	16.751894	-4.227186	6.374816
 - 	1458	18.384037	-4.358738	6.680039
 - 	1459	19.598396	-4.360514	6.746397
 - 	1460	20.367682	-4.254705	6.401480
 - 	1461	20.616179	-4.040184	5.659574
 - 	1462	20.267765	-3.599564	4.756812
 - 	1463	19.256174	-2.755543	4.028035
 - 	1464	17.528675	-1.460299	3.690555
 - 	1465	15.069952	0.096950	3.735812
 - 	1466	11.914366	1.592307	4.000653
 - 	1467	8.132048	2.761788	4.319029
 - 	1468	3.832334	3.480541	4.603913
 - 	1469	-0.803724	3.702989	4.821892
 - 	1470	-5.518034	3.438727	4.982412
 - 	1471	-10.026568	2.840557	5.203935
 - 	1472	-14.082359	2.247744	5.721268
 - 	1473	-17.502476	2.057689	6.710307
 - 	1474	-20.152168	2.506165	8.057322
 - 	1475	-21.908363	3.491174	9.381615
 - 	1476	-22.667433	4.574313	10.381495
 - 	1477	-22.444916	5.276520	11.079628
 - 	1478	-21.464369	5.476761	11.622984
 - 	1479	-20.085150	5.473556	11.974601
 - 	1480	-18.617577	5.648125	11.955388
 - 	1481	-17.204865	6.134899	11.487780
 - 	1482	-15.836156	6.764186	10.684340
 - 	1483	-14.425690	7.207559	9.767777
 - 	1484	-12.886307	7.202939	8.931205
 - 	1485	-11.166265	6.737107	8.174439
 - 	1486	-9.263163	6.031274	7.271897
 - 	1487	-7.240569	5.338340	6.016774
 - 	1488	-5.229801	4.778222	4.515243
 - 	1489	-3.387471	4.362602	3.152701
 - 	1490	-1.835790	4.109962	2.256875
 - 	1491	-0.627769	4.090084	1.852621
 - 	1492	0.271185	4.362745	1.732289
 - 	1493	0.983486	4.869973	1.675406
 - 	1494	1.651238	5.392562	1.565348
 - 	1495	2.329631	5.694496	1.365871
 - 	1496	2.974768	5.767021	1.080796
 - 	1497	3.545147	5.839369	0.764202
 - 	1498	4.070829	6.098035	0.528445
 - 	1499	4.614105	6.516930	0.489313
 - 	1500	5.200598	7.009240	0.687323
 - 	1501	5.791560	7.624780	1.085866
 - 	1502	6.289117	8.533369	1.653309
 - 	1503	6.570551	9.841192	2.387876
 - 	1504	6.567865	11.430634	3.201705
 - 	1505	6.341460	12.996497	3.841505
 - 	1506	6.040476	14.288876	4.064998
 - 	1507	5.763613	15.340777	3.931924
