LINK_MODEL_BASED::PROCESSED::Left Knee Angles_filtered
File	Frame	X 	Y 	Z 
Running trial 1.c3d	1	29.732389	4.853585	-5.161182
 - 	2	35.087589	6.346893	-5.452154
 - 	3	39.582649	7.164271	-4.920609
 - 	4	42.628510	6.995843	-3.337848
 - 	5	44.075062	6.147659	-1.303673
 - 	6	44.164448	5.361294	0.147542
 - 	7	43.310829	5.229075	0.345944
 - 	8	41.859707	5.748363	-0.486723
 - 	9	39.985996	6.422155	-1.456142
 - 	10	37.754269	6.740431	-1.779177
 - 	11	35.224701	6.572664	-1.439374
 - 	12	32.489639	6.161507	-1.091937
 - 	13	29.647024	5.806213	-1.336610
 - 	14	26.785275	5.595486	-2.151500
 - 	15	23.995962	5.421934	-3.018032
 - 	16	21.376034	5.171989	-3.455401
 - 	17	19.023670	4.846074	-3.356791
 - 	18	17.067703	4.504453	-2.884350
 - 	19	15.702308	4.148200	-2.213716
 - 	20	15.145697	3.709924	-1.534908
 - 	21	15.547625	3.157250	-1.207713
 - 	22	16.973625	2.543919	-1.603621
 - 	23	19.470219	1.955813	-2.722333
 - 	24	23.068127	1.474009	-4.188065
 - 	25	27.690331	1.191512	-5.634866
 - 	26	33.098076	1.184819	-6.889319
 - 	27	38.952332	1.440470	-7.818936
 - 	28	44.921421	1.856938	-8.243012
 - 	29	50.745789	2.347411	-8.076314
 - 	30	56.252487	2.924659	-7.489280
 - 	31	61.362358	3.651736	-6.841067
 - 	32	66.099487	4.489534	-6.387860
 - 	33	70.556671	5.225356	-6.052603
 - 	34	74.790474	5.604067	-5.540225
 - 	35	78.710419	5.539241	-4.702592
 - 	36	82.069679	5.189312	-3.742462
 - 	37	84.579422	4.838472	-3.027430
 - 	38	86.046265	4.696868	-2.746027
 - 	39	86.419014	4.778761	-2.789574
 - 	40	85.742889	4.940618	-2.932423
 - 	41	84.104263	5.024879	-3.061973
 - 	42	81.606361	4.967914	-3.237486
 - 	43	78.344528	4.788666	-3.580914
 - 	44	74.372520	4.509903	-4.147577
 - 	45	69.702240	4.105400	-4.894765
 - 	46	64.349197	3.506982	-5.716281
 - 	47	58.377731	2.670219	-6.448319
 - 	48	51.908028	1.669753	-6.875726
 - 	49	45.102135	0.719688	-6.831610
 - 	50	38.164566	0.041336	-6.334249
 - 	51	31.363413	-0.297800	-5.603525
 - 	52	25.052696	-0.372192	-4.942142
 - 	53	19.668938	-0.248198	-4.613764
 - 	54	15.668571	0.076737	-4.756948
 - 	55	13.400859	0.588767	-5.279565
 - 	56	12.979570	1.202345	-5.847857
 - 	57	14.251437	1.826958	-6.128185
 - 	58	16.903788	2.437031	-6.051247
 - 	59	20.625858	3.051907	-5.743946
 - 	60	25.157879	3.699660	-5.296022
 - 	61	30.178886	4.416560	-4.731989
 - 	62	35.192596	5.189920	-4.078779
 - 	63	39.581257	5.848486	-3.296755
 - 	64	42.804344	6.126086	-2.265405
 - 	65	44.589775	5.946902	-1.011062
 - 	66	44.998421	5.574368	0.109468
 - 	67	44.331192	5.383512	0.619624
 - 	68	42.939854	5.531681	0.376582
 - 	69	41.076843	5.883205	-0.244645
 - 	70	38.877571	6.182895	-0.689602
 - 	71	36.423599	6.271589	-0.753403
 - 	72	33.783798	6.177877	-0.730904
 - 	73	31.018862	6.029808	-1.048167
 - 	74	28.190392	5.898694	-1.820988
 - 	75	25.382723	5.752180	-2.770066
 - 	76	22.714970	5.528040	-3.452002
 - 	77	20.329124	5.195653	-3.542568
 - 	78	18.370296	4.747452	-3.004208
 - 	79	16.983654	4.181051	-2.086825
 - 	80	16.318447	3.509006	-1.201790
 - 	81	16.518135	2.764589	-0.742260
 - 	82	17.701530	1.999012	-0.918077
 - 	83	19.940207	1.302441	-1.713991
 - 	84	23.230364	0.817039	-2.992035
 - 	85	27.473938	0.672736	-4.563618
 - 	86	32.481518	0.889306	-6.151001
 - 	87	37.992680	1.370548	-7.405601
 - 	88	43.713696	1.989249	-8.056396
 - 	89	49.373322	2.643605	-8.037287
 - 	90	54.778862	3.264897	-7.507040
 - 	91	59.848869	3.832432	-6.794179
 - 	92	64.609024	4.363612	-6.241588
 - 	93	69.145638	4.841878	-5.958791
 - 	94	73.521339	5.164019	-5.703856
 - 	95	77.679138	5.210403	-5.116551
 - 	96	81.395607	5.003898	-4.121643
 - 	97	84.345840	4.760778	-3.039416
 - 	98	86.253250	4.707687	-2.278341
 - 	99	86.995537	4.851783	-1.998390
 - 	100	86.587898	4.986348	-2.095228
 - 	101	85.107437	4.909111	-2.414315
 - 	102	82.650848	4.586764	-2.901014
 - 	103	79.327560	4.122025	-3.568839
 - 	104	75.246033	3.619004	-4.402491
 - 	105	70.489922	3.097916	-5.335947
 - 	106	65.112610	2.506165	-6.279859
 - 	107	59.158337	1.795799	-7.100202
 - 	108	52.688278	1.019360	-7.597073
 - 	109	45.803001	0.358189	-7.614729
 - 	110	38.671242	0.013431	-7.228927
 - 	111	31.559034	0.044082	-6.765002
 - 	112	24.844921	0.333636	-6.548282
 - 	113	19.015091	0.718464	-6.660696
 - 	114	14.610565	1.113568	-6.989861
 - 	115	12.092854	1.507539	-7.382233
 - 	116	11.666233	1.886435	-7.607372
 - 	117	13.178215	2.212673	-7.370678
 - 	118	16.207699	2.483700	-6.617107
 - 	119	20.301250	2.792808	-5.698581
 - 	120	25.134546	3.310257	-5.057748
 - 	121	30.423620	4.158523	-4.829596
 - 	122	35.722851	5.235233	-4.770023
 - 	123	40.404705	6.150647	-4.420778
 - 	124	43.883579	6.460837	-3.394516
 - 	125	45.871098	6.085004	-1.743259
 - 	126	46.459015	5.456440	-0.099312
 - 	127	45.999405	5.162443	0.731595
 - 	128	44.885757	5.434597	0.450855
 - 	129	43.382492	6.015461	-0.466825
 - 	130	41.589394	6.467433	-1.209671
 - 	131	39.511120	6.560771	-1.335113
 - 	132	37.148949	6.387223	-1.077842
 - 	133	34.551483	6.164772	-1.019571
 - 	134	31.803862	6.003895	-1.514649
 - 	135	28.995544	5.871069	-2.436625
 - 	136	26.219629	5.693937	-3.369588
 - 	137	23.587420	5.437691	-3.934151
 - 	138	21.223064	5.105072	-3.967960
 - 	139	19.266804	4.693038	-3.508027
 - 	140	17.903023	4.152979	-2.687958
 - 	141	17.348619	3.427740	-1.745010
 - 	142	17.779951	2.561128	-1.121890
 - 	143	19.288952	1.737861	-1.340514
 - 	144	21.912773	1.165405	-2.586689
 - 	145	25.653353	0.913082	-4.483002
 - 	146	30.427811	0.890472	-6.369150
 - 	147	36.011673	0.990113	-7.760108
 - 	148	42.058731	1.218312	-8.507400
 - 	149	48.197193	1.651534	-8.642380
 - 	150	54.131233	2.307858	-8.233772
 - 	151	59.689575	3.130613	-7.441110
 - 	152	64.825760	4.049513	-6.567760
 - 	153	69.594589	4.950587	-5.883492
 - 	154	74.088081	5.613298	-5.379179
 - 	155	78.318787	5.817039	-4.813611
 - 	156	82.125267	5.571507	-4.038304
 - 	157	85.206627	5.170908	-3.190412
 - 	158	87.273819	4.944977	-2.537112
 - 	159	88.178719	4.975378	-2.217006
 - 	160	87.925453	5.092768	-2.184182
 - 	161	86.605515	5.103870	-2.340287
 - 	162	84.335358	4.957928	-2.643229
 - 	163	81.219376	4.718890	-3.093768
 - 	164	77.333473	4.449320	-3.682283
 - 	165	72.730583	4.136041	-4.383023
 - 	166	67.460007	3.690075	-5.163552
 - 	167	61.579987	3.017893	-5.949262
 - 	168	55.159622	2.138072	-6.576626
 - 	169	48.295387	1.233181	-6.827841
 - 	170	41.151173	0.540973	-6.575492
 - 	171	33.987305	0.179207	-5.925351
 - 	172	27.163469	0.100144	-5.196308
 - 	173	21.139843	0.205708	-4.743682
 - 	174	16.446815	0.459358	-4.788903
 - 	175	13.550215	0.873891	-5.319427
 - 	176	12.653561	1.436539	-6.050042
 - 	177	13.608641	2.087039	-6.563511
 - 	178	16.038263	2.759939	-6.617861
 - 	179	19.564993	3.428024	-6.278123
 - 	180	23.919703	4.113210	-5.732150
 - 	181	28.831551	4.853724	-5.098331
 - 	182	33.856842	5.610115	-4.390491
 - 	183	38.373116	6.181781	-3.510783
 - 	184	41.774464	6.309707	-2.317754
 - 	185	43.714447	5.962211	-0.877885
 - 	186	44.222801	5.469454	0.368207
 - 	187	43.617470	5.270439	0.871710
 - 	188	42.276627	5.531057	0.496279
 - 	189	40.451111	6.043250	-0.290188
 - 	190	38.249649	6.452333	-0.835323
 - 	191	35.737560	6.548975	-0.922924
 - 	192	32.997681	6.380899	-0.919590
 - 	193	30.115908	6.134577	-1.321191
 - 	194	27.164600	5.941036	-2.254116
 - 	195	24.221352	5.793285	-3.402218
 - 	196	21.394262	5.602690	-4.265510
 - 	197	18.825911	5.297057	-4.467850
 - 	198	16.680355	4.871925	-3.973063
 - 	199	15.138417	4.364697	-3.103370
 - 	200	14.407022	3.797286	-2.333917
 - 	201	14.705820	3.167910	-2.047507
 - 	202	16.211090	2.498004	-2.413483
 - 	203	18.997923	1.857881	-3.367394
 - 	204	23.015732	1.334598	-4.668051
 - 	205	28.082296	1.004853	-6.037287
 - 	206	33.895042	0.957954	-7.270741
 - 	207	40.090626	1.277951	-8.211559
 - 	208	46.338730	1.920297	-8.679529
 - 	209	52.401127	2.661579	-8.530206
 - 	210	58.129341	3.286149	-7.828017
 - 	211	63.448845	3.792765	-6.906678
 - 	212	68.362679	4.322092	-6.156569
 - 	213	72.938690	4.908920	-5.688993
 - 	214	77.237656	5.387011	-5.244844
 - 	215	81.205154	5.550004	-4.506452
 - 	216	84.615265	5.382590	-3.479244
 - 	217	87.145462	5.107768	-2.490137
 - 	218	88.545181	4.988317	-1.843048
 - 	219	88.746674	5.094624	-1.593834
 - 	220	87.828262	5.275479	-1.665535
 - 	221	85.906601	5.323991	-2.034688
 - 	222	83.076736	5.141291	-2.712204
 - 	223	79.419350	4.753675	-3.633402
 - 	224	75.018204	4.221381	-4.676658
 - 	225	69.951050	3.571814	-5.747911
 - 	226	64.276581	2.819856	-6.767866
 - 	227	58.048080	2.025552	-7.608680
 - 	228	51.338634	1.303788	-8.107341
 - 	229	44.259712	0.753881	-8.144307
 - 	230	36.992207	0.382261	-7.713938
 - 	231	29.833942	0.127868	-6.960576
 - 	232	23.222942	-0.027985	-6.160916
 - 	233	17.699482	-0.012060	-5.635337
 - 	234	13.796388	0.266520	-5.603810
 - 	235	11.870584	0.811776	-6.022974
 - 	236	11.941062	1.506708	-6.532706
 - 	237	13.656999	2.163488	-6.683243
 - 	238	16.487686	2.631316	-6.304721
 - 	239	20.040062	2.919222	-5.612073
 - 	240	24.212645	3.255711	-4.982475
 - 	241	28.994427	3.979257	-4.710627
 - 	242	34.110645	5.223561	-4.827549
 - 	243	38.916885	6.621306	-4.939548
 - 	244	42.664665	7.444508	-4.346180
 - 	245	44.881714	7.235507	-2.636401
 - 	246	45.563004	6.310053	-0.302218
 - 	247	45.072670	5.520613	1.438567
 - 	248	43.858940	5.498579	1.677633
 - 	249	42.207592	6.163239	0.653216
 - 	250	40.209862	6.924973	-0.579040
 - 	251	37.888130	7.280573	-1.243713
 - 	252	35.294605	7.184978	-1.457023
 - 	253	32.519859	6.902444	-1.807720
 - 	254	29.672018	6.625130	-2.582449
 - 	255	26.866543	6.324266	-3.498218
 - 	256	24.219603	5.902466	-4.032032
 - 	257	21.837357	5.361082	-3.887691
 - 	258	19.818352	4.789127	-3.205899
 - 	259	18.293098	4.246099	-2.418296
 - 	260	17.466379	3.708491	-1.949049
 - 	261	17.585043	3.137397	-2.053090
 - 	262	18.843292	2.559406	-2.800337
 - 	263	21.329069	2.038751	-4.039042
 - 	264	25.028109	1.592838	-5.408805
 - 	265	29.797367	1.226962	-6.564088
 - 	266	35.321384	1.080825	-7.410539
 - 	267	41.183952	1.391537	-8.017437
 - 	268	47.048309	2.169106	-8.329524
 - 	269	52.746643	3.045315	-8.144491
 - 	270	58.195541	3.655599	-7.430489
 - 	271	63.311768	4.060019	-6.509241
 - 	272	68.059723	4.566543	-5.787437
 - 	273	72.500931	5.240380	-5.348825
 - 	274	76.701614	5.804061	-4.913099
 - 	275	80.583580	5.981044	-4.202223
 - 	276	83.888443	5.795117	-3.271962
 - 	277	86.293427	5.525419	-2.456048
 - 	278	87.574493	5.426015	-2.057170
 - 	279	87.682846	5.512717	-2.143748
 - 	280	86.693970	5.607120	-2.584745
 - 	281	84.712486	5.532959	-3.204362
 - 	282	81.824692	5.231191	-3.903891
 - 	283	78.101814	4.727973	-4.665151
 - 	284	73.612053	4.061142	-5.464508
 - 	285	68.424721	3.250024	-6.213166
 - 	286	62.613167	2.320899	-6.776791
 - 	287	56.260490	1.369456	-7.030270
 - 	288	49.471973	0.581646	-6.913532
 - 	289	42.402153	0.126021	-6.477924
 - 	290	35.294060	0.004889	-5.887945
 - 	291	28.509325	0.070467	-5.359793
 - 	292	22.521252	0.202436	-5.084311
 - 	293	17.847309	0.409678	-5.174576
 - 	294	14.914677	0.753204	-5.595583
 - 	295	13.902204	1.240821	-6.098960
 - 	296	14.669825	1.821480	-6.345151
 - 	297	16.872303	2.439184	-6.193324
 - 	298	20.181099	3.076476	-5.789566
 - 	299	24.377195	3.775430	-5.344993
 - 	300	29.204468	4.611442	-4.956135
 - 	301	34.178261	5.570061	-4.594618
 - 	302	38.610962	6.402418	-4.070863
 - 	303	41.862198	6.710402	-3.074237
 - 	304	43.592144	6.342216	-1.534111
 - 	305	43.835861	5.687017	0.020379
 - 	306	42.903610	5.400288	0.745612
 - 	307	41.215500	5.771278	0.322369
 - 	308	39.147179	6.457187	-0.637537
 - 	309	36.916656	6.882205	-1.221539
 - 	310	34.559189	6.801181	-1.166451
 - 	311	32.023430	6.410614	-1.003603
 - 	312	29.308826	6.021524	-1.353511
 - 	313	26.515020	5.768435	-2.288220
 - 	314	23.793026	5.600127	-3.344320
 - 	315	21.287407	5.406809	-3.957276
 - 	316	19.119884	5.105651	-3.839878
 - 	317	17.407398	4.658562	-3.065315
 - 	318	16.288925	4.063122	-1.936978
 - 	319	15.926316	3.346654	-0.867007
 - 	320	16.469891	2.567694	-0.301467
 - 	321	18.019285	1.816321	-0.571777
 - 	322	20.608175	1.200700	-1.719427
 - 	323	24.213524	0.810874	-3.457646
 - 	324	28.755510	0.697294	-5.307876
 - 	325	34.056519	0.907250	-6.846390
 - 	326	39.814823	1.497629	-7.896948
 - 	327	45.687317	2.415020	-8.464497
 - 	328	51.434784	3.376372	-8.512941
 - 	329	56.965500	4.014405	-7.964026
 - 	330	62.244881	4.218389	-6.956982
 - 	331	67.224213	4.239599	-5.929199
 - 	332	71.873589	4.386468	-5.274508
 - 	333	76.210617	4.694232	-4.959580
 - 	334	80.223618	4.959844	-4.602752
 - 	335	83.762398	5.029949	-3.940180
 - 	336	86.537880	4.970760	-3.113837
 - 	337	88.255615	4.957621	-2.477417
 - 	338	88.761856	5.049956	-2.231688
 - 	339	88.075363	5.116852	-2.324481
 - 	340	86.310600	4.972143	-2.625567
 - 	341	83.592484	4.543581	-3.078996
 - 	342	80.023003	3.916701	-3.682845
 - 	343	75.684601	3.254167	-4.422067
 - 	344	70.647888	2.676414	-5.279154
 - 	345	64.968300	2.193043	-6.245296
 - 	346	58.682858	1.740515	-7.236435
 - 	347	51.837708	1.284395	-8.021132
 - 	348	44.547009	0.863616	-8.326557
 - 	349	37.035515	0.533765	-8.072044
 - 	350	29.636787	0.314249	-7.482312
 - 	351	22.776112	0.220375	-6.941313
 - 	352	16.957458	0.305636	-6.748044
 - 	353	12.711469	0.619843	-6.987941
 - 	354	10.454499	1.126152	-7.475971
 - 	355	10.293703	1.680614	-7.728820
 - 	356	11.914444	2.103740	-7.211563
 - 	357	14.694916	2.306217	-5.868545
 - 	358	18.040979	2.396078	-4.329947
 - 	359	21.696217	2.666560	-3.406094
 - 	360	25.722290	3.420262	-3.417644
 - 	361	30.140331	4.709553	-4.042480
 - 	362	34.597332	6.164283	-4.594139
 - 	363	38.403774	7.116921	-4.367105
 - 	364	40.895203	7.085260	-3.031384
 - 	365	41.780846	6.247150	-0.999016
 - 	366	41.219299	5.357827	0.693765
 - 	367	39.626450	5.104314	1.151632
 - 	368	37.418903	5.547299	0.377036
 - 	369	34.886864	6.184054	-0.788617
 - 	370	32.199932	6.488692	-1.519152
 - 	371	29.435257	6.348391	-1.755890
 - 	372	26.613251	6.001827	-2.046368
 - 	373	23.780489	5.673367	-2.736945
 - 	374	21.072533	5.382274	-3.535729
 - 	375	18.674433	5.053704	-3.860814
 - 	376	16.741497	4.663221	-3.411113
 - 	377	15.389562	4.229439	-2.367751
 - 	378	14.740182	3.738854	-1.223654
 - 	379	14.930223	3.136046	-0.491845
 - 	380	16.067425	2.391570	-0.453916
 - 	381	18.192251	1.578077	-1.098495
 - 	382	21.288235	0.873543	-2.283848
 - 	383	25.313438	0.454385	-3.862142
 - 	384	30.190269	0.375130	-5.608777
 - 	385	35.747391	0.594478	-7.202724
 - 	386	41.698677	1.100298	-8.377811
 - 	387	47.721214	1.900627	-8.991905
 - 	388	53.566154	2.876311	-8.953142
 - 	389	59.096638	3.773718	-8.260256
 - 	390	64.253471	4.413682	-7.164662
 - 	391	69.029160	4.829440	-6.120523
 - 	392	73.467751	5.135689	-5.427787
 - 	393	77.623055	5.325634	-4.968248
 - 	394	81.454224	5.292408	-4.397040
 - 	395	84.753204	5.042274	-3.569210
 - 	396	87.204956	4.784436	-2.687688
 - 	397	88.549072	4.749125	-2.058465
 - 	398	88.698898	4.959736	-1.816738
 - 	399	87.722633	5.229292	-1.919738
 - 	400	85.738708	5.345616	-2.302707
 - 	401	82.838356	5.221468	-2.947879
 - 	402	79.078293	4.895339	-3.833164
 - 	403	74.511917	4.429339	-4.895782
 - 	404	69.216644	3.814425	-6.038838
 - 	405	63.291260	2.990192	-7.108221
 - 	406	56.830643	1.980498	-7.869985
 - 	407	49.922478	0.978949	-8.091649
 - 	408	42.691391	0.235064	-7.708461
 - 	409	35.352295	-0.148920	-6.909693
 - 	410	28.230911	-0.257163	-6.029745
 - 	411	21.760494	-0.200082	-5.365153
 - 	412	16.456654	0.016143	-5.125121
 - 	413	12.823658	0.437061	-5.429006
 - 	414	11.178856	1.027809	-6.120291
 - 	415	11.485284	1.632886	-6.635781
 - 	416	13.326933	2.073427	-6.394262
 - 	417	16.102512	2.300246	-5.417783
 - 	418	19.361389	2.468371	-4.350994
 - 	419	23.012997	2.857818	-3.815798
 - 	420	27.165556	3.691099	-3.919311
 - 	421	31.728117	4.939932	-4.319726
 - 	422	36.207035	6.220005	-4.482852
 - 	423	39.902447	6.945150	-3.908289
 - 	424	42.273331	6.786492	-2.477325
 - 	425	43.153896	6.050066	-0.744747
 - 	426	42.737976	5.469953	0.351188
 - 	427	41.420845	5.530436	0.318423
 - 	428	39.596989	6.049483	-0.405735
 - 	429	37.496151	6.472713	-0.954111
 - 	430	35.148209	6.472651	-0.948604
 - 	431	32.505573	6.162548	-0.774417
 - 	432	29.603260	5.823234	-1.019547
 - 	433	26.598040	5.593776	-1.837672
 - 	434	23.683788	5.432198	-2.851738
 - 	435	21.006378	5.246428	-3.516230
 - 	436	18.661406	4.986450	-3.513064
 - 	437	16.759304	4.634376	-2.888251
 - 	438	15.475611	4.165780	-1.959557
 - 	439	15.020148	3.550999	-1.158872
 - 	440	15.559752	2.786849	-0.845556
 - 	441	17.176462	1.936089	-1.159186
 - 	442	19.877502	1.158514	-2.066425
 - 	443	23.616421	0.671652	-3.477946
 - 	444	28.288830	0.620986	-5.202577
 - 	445	33.700584	0.986806	-6.891726
 - 	446	39.558876	1.638418	-8.179244
 - 	447	45.538239	2.434163	-8.832823
 - 	448	51.381393	3.227115	-8.754461
 - 	449	56.939266	3.857477	-7.992994
 - 	450	62.138428	4.252120	-6.835751
 - 	451	66.955856	4.499951	-5.742417
 - 	452	71.425476	4.737491	-5.022513
 - 	453	75.606224	4.976536	-4.580096
 - 	454	79.483551	5.110277	-4.068785
 - 	455	82.889175	5.080957	-3.306936
 - 	456	85.533844	4.985932	-2.464395
 - 	457	87.141037	4.990233	-1.841802
 - 	458	87.570496	5.147564	-1.585599
 - 	459	86.838257	5.332286	-1.679166
 - 	460	85.049637	5.346802	-2.099419
 - 	461	82.327759	5.076058	-2.847880
 - 	462	78.781738	4.546397	-3.857946
 - 	463	74.498055	3.870609	-4.988208
 - 	464	69.535408	3.148094	-6.117137
 - 	465	63.930519	2.405713	-7.161141
 - 	466	57.722240	1.635355	-7.982322
 - 	467	50.980293	0.886340	-8.360346
 - 	468	43.828766	0.287006	-8.139162
 - 	469	36.471909	-0.051825	-7.417165
 - 	470	29.220213	-0.130489	-6.546456
 - 	471	22.498045	-0.025744	-5.915686
 - 	472	16.813681	0.215452	-5.763222
 - 	473	12.672534	0.605952	-6.152026
 - 	474	10.432966	1.145051	-6.921801
 - 	475	10.162761	1.742357	-7.588112
 - 	476	11.594479	2.230575	-7.536387
 - 	477	14.248569	2.486062	-6.571666
 - 	478	17.691549	2.588309	-5.232049
 - 	479	21.742867	2.859229	-4.391883
 - 	480	26.403692	3.655513	-4.502368
 - 	481	31.534178	5.008742	-5.194916
 - 	482	36.618282	6.432858	-5.551839
 - 	483	40.888332	7.185766	-4.796719
 - 	484	43.698544	6.894855	-2.923519
 - 	485	44.821728	5.983860	-0.809025
 - 	486	44.480453	5.356355	0.389025
 - 	487	43.157516	5.551990	0.189470
 - 	488	41.329056	6.279348	-0.770368
 - 	489	39.258644	6.829197	-1.371096
 - 	490	36.963806	6.814806	-1.125605
 - 	491	34.363380	6.400928	-0.548766
 - 	492	31.455025	5.953218	-0.468142
 - 	493	28.363293	5.669963	-1.185760
 - 	494	25.267513	5.530308	-2.323914
 - 	495	22.324734	5.423992	-3.252062
 - 	496	19.656958	5.254530	-3.548377
 - 	497	17.390594	4.969809	-3.183720
 - 	498	15.691279	4.556288	-2.448998
 - 	499	14.747534	4.017175	-1.756202
 - 	500	14.722763	3.338297	-1.397802
 - 	501	15.732730	2.485371	-1.403606
 - 	502	17.854303	1.491346	-1.668556
 - 	503	21.113834	0.564971	-2.210004
 - 	504	25.434052	0.037144	-3.170155
 - 	505	30.596897	0.118720	-4.538440
 - 	506	36.284595	0.722496	-5.994503
 - 	507	42.170494	1.567252	-7.092423
 - 	508	47.985992	2.420931	-7.550757
 - 	509	53.546822	3.191421	-7.361139
 - 	510	58.758675	3.855621	-6.739367
 - 	511	63.605618	4.413057	-6.032921
 - 	512	68.125298	4.876928	-5.535562
 - 	513	72.371681	5.218681	-5.253786
 - 	514	76.348740	5.345623	-4.911360
 - 	515	79.936539	5.207587	-4.281101
 - 	516	82.887070	4.913105	-3.475755
 - 	517	84.923637	4.680521	-2.844089
 - 	518	85.865616	4.661168	-2.619504
 - 	519	85.674515	4.824206	-2.741552
 - 	520	84.414520	5.002585	-2.998165
 - 	521	82.193771	5.032774	-3.265089
 - 	522	79.119019	4.858004	-3.590107
 - 	523	75.256203	4.526276	-4.093123
 - 	524	70.618073	4.115671	-4.826729
 - 	525	65.209381	3.652754	-5.716850
 - 	526	59.096333	3.083985	-6.569210
 - 	527	52.425350	2.361221	-7.114382
 - 	528	45.383896	1.577981	-7.137750
 - 	529	38.178638	0.946545	-6.652967
 - 	530	31.068501	0.604809	-5.961020
 - 	531	24.401403	0.532128	-5.526373
 - 	532	18.610538	0.669074	-5.729787
 - 	533	14.168591	1.008554	-6.622901
 - 	534	11.480803	1.533526	-7.840852
 - 	535	10.715411	2.134660	-8.733987
 - 	536	11.676766	2.631963	-8.687690
 - 	537	13.877212	2.888905	-7.541564
 - 	538	16.828960	2.942617	-5.806005
 - 	539	20.334892	3.055513	-4.373231
 - 	540	24.477745	3.602131	-3.907940
 - 	541	29.274704	4.787961	-4.418486
 - 	542	34.342476	6.361872	-5.260946
 - 	543	38.939724	7.615876	-5.513912
 - 	544	42.348907	7.847072	-4.563393
 - 	545	44.217827	6.998720	-2.608270
 - 	546	44.600876	5.820580	-0.639870
 - 	547	43.786156	5.246309	0.291710
 - 	548	42.116714	5.574083	-0.031634
 - 	549	39.890121	6.318845	-0.880449
 - 	550	37.317562	6.819819	-1.421289
 - 	551	34.531376	6.845469	-1.552604
 - 	552	31.633442	6.595275	-1.780932
 - 	553	28.736084	6.306242	-2.448186
 - 	554	25.954050	6.020175	-3.332424
 - 	555	23.371847	5.673631	-3.935084
 - 	556	21.041616	5.250281	-3.936051
 - 	557	19.033905	4.785983	-3.370886
 - 	558	17.503748	4.283301	-2.532465
 - 	559	16.691223	3.684237	-1.783262
 - 	560	16.827507	2.938481	-1.406237
 - 	561	18.038403	2.084925	-1.540731
 - 	562	20.338030	1.268852	-2.216331
 - 	563	23.673973	0.688855	-3.409800
 - 	564	27.942015	0.506315	-4.999802
 - 	565	32.971474	0.768696	-6.680252
 - 	566	38.526730	1.396506	-8.023239
 - 	567	44.333504	2.230304	-8.683928
 - 	568	50.113369	3.098962	-8.560998
 - 	569	55.626907	3.891021	-7.819755
 - 	570	60.728203	4.594557	-6.814183
 - 	571	65.403778	5.240334	-5.927456
 - 	572	69.751953	5.777129	-5.343909
 - 	573	73.884041	6.040074	-4.917812
 - 	574	77.791458	5.898919	-4.347686
 - 	575	81.278358	5.436025	-3.533299
 - 	576	84.029808	4.932432	-2.707074
 - 	577	85.769394	4.654197	-2.196235
 - 	578	86.375946	4.652828	-2.122564
 - 	579	85.875671	4.763390	-2.352401
 - 	580	84.355896	4.774677	-2.678262
 - 	581	81.904655	4.591974	-3.012939
 - 	582	78.600555	4.258624	-3.421700
 - 	583	74.505096	3.868183	-4.003438
 - 	584	69.653923	3.471565	-4.783764
 - 	585	64.081734	3.036131	-5.702018
 - 	586	57.863178	2.483214	-6.614168
 - 	587	51.127705	1.799399	-7.295167
 - 	588	44.053501	1.117434	-7.541456
 - 	589	36.866634	0.641966	-7.351721
 - 	590	29.848501	0.476439	-6.988747
 - 	591	23.347006	0.561687	-6.828006
 - 	592	17.780571	0.792473	-7.142874
 - 	593	13.597100	1.129402	-7.967061
 - 	594	11.159697	1.562334	-9.002702
 - 	595	10.602820	2.028220	-9.647873
 - 	596	11.770279	2.437099	-9.361443
 - 	597	14.328856	2.775534	-8.169249
 - 	598	17.995949	3.152234	-6.694960
 - 	599	22.636055	3.736368	-5.611545
 - 	600	28.071276	4.631600	-5.140613
 - 	601	33.816414	5.735176	-5.008966
 - 	602	39.092110	6.678165	-4.689382
 - 	603	43.148609	7.019890	-3.748612
 - 	604	45.592724	6.671747	-2.234998
 - 	605	46.474899	6.095298	-0.779675
 - 	606	46.164223	5.894463	-0.117412
 - 	607	45.128765	6.213539	-0.418337
 - 	608	43.698723	6.699348	-1.190637
 - 	609	41.948151	6.989517	-1.825595
 - 	610	39.814453	7.014524	-2.085300
 - 	611	37.312088	6.877247	-2.106765
 - 	612	34.578800	6.675625	-2.165889
 - 	613	31.758705	6.460099	-2.477398
 - 	614	28.929146	6.232107	-3.051954
 - 	615	26.142021	5.947862	-3.655231
 - 	616	23.487026	5.543036	-3.939219
 - 	617	21.101475	4.975860	-3.674366
 - 	618	19.135170	4.288269	-2.929797
 - 	619	17.728870	3.609699	-2.041979
 - 	620	17.037039	3.037729	-1.344118
 - 	621	17.238483	2.539099	-0.963517
 - 	622	18.485138	2.031651	-0.963846
 - 	623	20.846558	1.517007	-1.536793
 - 	624	24.302563	1.076857	-2.838969
 - 	625	28.740194	0.818401	-4.693560
 - 	626	33.938385	0.872047	-6.600028
 - 	627	39.597977	1.321782	-8.016806
 - 	628	45.418480	2.067709	-8.606224
 - 	629	51.148441	2.872566	-8.340158
 - 	630	56.592918	3.608190	-7.512931
 - 	631	61.640114	4.341964	-6.605893
 - 	632	66.310402	5.111351	-5.973948
 - 	633	70.725113	5.727993	-5.591779
 - 	634	74.954582	5.917737	-5.153849
 - 	635	78.879333	5.614590	-4.450303
 - 	636	82.210884	5.045394	-3.612875
 - 	637	84.644005	4.543440	-2.980874
 - 	638	85.996803	4.312154	-2.767635
 - 	639	86.242516	4.335222	-2.896804
 - 	640	85.448196	4.452864	-3.143788
 - 	641	83.705963	4.503428	-3.381470
 - 	642	81.111122	4.419314	-3.672249
 - 	643	77.755234	4.228230	-4.160604
 - 	644	73.698830	3.987413	-4.922843
 - 	645	68.960464	3.715051	-5.923094
 - 	646	63.557388	3.373624	-7.050249
 - 	647	57.557709	2.924255	-8.129056
 - 	648	51.088188	2.402320	-8.920883
 - 	649	44.300842	1.916562	-9.208276
 - 	650	37.353031	1.552938	-8.943879
 - 	651	30.444443	1.304578	-8.337639
 - 	652	23.886776	1.129479	-7.800335
 - 	653	18.124712	1.051793	-7.757894
 - 	654	13.658350	1.157236	-8.399710
 - 	655	10.908808	1.494910	-9.472979
 - 	656	10.111059	2.018083	-10.323618
 - 	657	11.276345	2.615917	-10.303741
 - 	658	14.213452	3.188925	-9.271417
 - 	659	18.578865	3.717588	-7.684247
 - 	660	23.918024	4.270626	-6.189478
 - 	661	29.677666	4.909067	-5.128905
 - 	662	35.219002	5.564644	-4.376882
 - 	663	39.883900	6.074466	-3.593216
 - 	664	43.143608	6.381519	-2.638850
 - 	665	44.797264	6.611137	-1.737609
 - 	666	45.071594	6.861704	-1.225076
 - 	667	44.452217	7.041295	-1.218647
 - 	668	43.328995	7.042704	-1.566888
 - 	669	41.801773	6.943365	-1.989535
 - 	670	39.822319	6.880738	-2.206186
 - 	671	37.429993	6.853660	-2.106523
 - 	672	34.786438	6.777235	-1.910330
 - 	673	32.046707	6.627071	-2.015940
 - 	674	29.281202	6.425142	-2.585159
 - 	675	26.518379	6.156002	-3.359575
 - 	676	23.822491	5.770077	-3.896816
 - 	677	21.322636	5.249523	-3.902119
 - 	678	19.181890	4.649352	-3.372092
 - 	679	17.554443	4.060425	-2.526035
 - 	680	16.573992	3.513397	-1.632844
 - 	681	16.361912	2.941592	-0.922279
 - 	682	17.028294	2.271491	-0.634381
 - 	683	18.662472	1.541272	-1.012874
 - 	684	21.311876	0.910234	-2.144962
 - 	685	24.951462	0.541674	-3.832694
 - 	686	29.460800	0.480603	-5.667167
 - 	687	34.624653	0.666479	-7.236787
 - 	688	40.165192	1.040109	-8.278125
 - 	689	45.799187	1.576215	-8.688581
 - 	690	51.291637	2.245952	-8.502688
 - 	691	56.490479	3.033960	-7.915688
 - 	692	61.353310	3.946893	-7.252015
 - 	693	65.952133	4.908153	-6.770280
 - 	694	70.408127	5.687330	-6.444309
 - 	695	74.762650	6.032421	-5.996373
 - 	696	78.880325	5.883960	-5.213305
 - 	697	82.471230	5.442310	-4.211397
 - 	698	85.218933	5.027467	-3.341648
 - 	699	86.919731	4.851249	-2.862015
 - 	700	87.531937	4.890706	-2.759571
 - 	701	87.111816	4.963669	-2.859445
 - 	702	85.723427	4.909204	-3.028632
 - 	703	83.420959	4.689766	-3.274616
 - 	704	80.282570	4.360883	-3.700804
 - 	705	76.402969	3.997926	-4.391713
 - 	706	71.840904	3.645254	-5.334298
 - 	707	66.608704	3.281688	-6.416436
 - 	708	60.731918	2.830227	-7.454306
 - 	709	54.305847	2.252652	-8.223169
 - 	710	47.492683	1.645572	-8.531010
 - 	711	40.491543	1.192525	-8.343530
 - 	712	33.534863	0.997566	-7.872550
 - 	713	26.916790	1.004383	-7.507789
 - 	714	21.021069	1.099643	-7.588387
 - 	715	16.310783	1.246324	-8.167820
 - 	716	13.241140	1.470923	-8.923100
 - 	717	12.078913	1.762751	-9.284076
 - 	718	12.724650	2.062905	-8.817749
 - 	719	14.750284	2.355262	-7.630629
 - 	720	17.714054	2.713237	-6.307801
 - 	721	21.444860	3.249396	-5.398852
 - 	722	25.946367	4.048956	-5.059665
 - 	723	31.033691	5.104275	-5.104059
 - 	724	36.146870	6.214736	-5.145213
 - 	725	40.541481	6.975499	-4.707217
 - 	726	43.640106	7.034295	-3.508996
 - 	727	45.246365	6.460216	-1.817400
 - 	728	45.526016	5.772336	-0.395372
 - 	729	44.828697	5.509686	0.086185
 - 	730	43.469891	5.804866	-0.377707
 - 	731	41.607311	6.374998	-1.161855
 - 	732	39.289349	6.821600	-1.611153
 - 	733	36.584694	6.922371	-1.615167
 - 	734	33.629128	6.728019	-1.606651
 - 	735	30.567387	6.426176	-2.024280
 - 	736	27.500500	6.123357	-2.852117
 - 	737	24.503262	5.779684	-3.672042
 - 	738	21.675009	5.320923	-4.023460
 - 	739	19.160837	4.752451	-3.686026
 - 	740	17.126892	4.161951	-2.770808
 - 	741	15.728508	3.632103	-1.631437
 - 	742	15.107038	3.152120	-0.647710
 - 	743	15.397335	2.632122	-0.082894
 - 	744	16.711143	2.024910	-0.138069
 - 	745	19.106720	1.405674	-0.984563
 - 	746	22.576418	0.893655	-2.580467
 - 	747	27.041256	0.536970	-4.539869
 - 	748	32.324768	0.359243	-6.356423
 - 	749	38.138802	0.480380	-7.726173
 - 	750	44.137722	1.038690	-8.565149
 - 	751	50.018028	1.975880	-8.829931
 - 	752	55.584206	3.034174	-8.498705
 - 	753	60.754723	3.986186	-7.722128
 - 	754	65.541451	4.761322	-6.849618
 - 	755	70.017075	5.345231	-6.188560
 - 	756	74.252274	5.662476	-5.730146
 - 	757	78.227341	5.619160	-5.193190
 - 	758	81.773201	5.257082	-4.377727
 - 	759	84.607956	4.822325	-3.419020
 - 	760	86.467239	4.609128	-2.661155
 - 	761	87.222076	4.713144	-2.337168
 - 	762	86.880547	4.975965	-2.413466
 - 	763	85.510376	5.165164	-2.710653
 - 	764	83.191780	5.157845	-3.119253
 - 	765	80.014908	4.963123	-3.670114
 - 	766	76.066292	4.642722	-4.423690
 - 	767	71.408035	4.232619	-5.353888
 - 	768	66.090942	3.692191	-6.331663
 - 	769	60.185295	2.926558	-7.142964
 - 	770	53.787529	1.930850	-7.531392
 - 	771	47.016083	0.913769	-7.333940
 - 	772	40.033257	0.176935	-6.623927
 - 	773	33.082718	-0.153652	-5.689326
 - 	774	26.510639	-0.196577	-4.873863
 - 	775	20.762489	-0.118474	-4.447197
 - 	776	16.340672	0.036364	-4.529219
 - 	777	13.699606	0.312221	-4.998163
 - 	778	13.108464	0.732251	-5.489739
 - 	779	14.557228	1.272212	-5.654731
 - 	780	17.752810	1.908507	-5.475865
 - 	781	22.197145	2.648881	-5.229933
 - 	782	27.302660	3.500720	-5.127292
 - 	783	32.487892	4.400771	-5.075660
 - 	784	37.220619	5.169523	-4.766058
 - 	785	41.035137	5.574118	-3.923277
 - 	786	43.588783	5.525362	-2.555529
 - 	787	44.763641	5.240716	-1.062453
 - 	788	44.709557	5.127277	-0.045948
 - 	789	43.740196	5.436914	0.116502
 - 	790	42.155090	6.058167	-0.428532
 - 	791	40.141060	6.650464	-1.155633
 - 	792	37.796116	6.939282	-1.627666
 - 	793	35.192726	6.882135	-1.820491
 - 	794	32.407227	6.610701	-2.015080
 - 	795	29.516123	6.277148	-2.441854
 - 	796	26.590977	5.963902	-3.052690
 - 	797	23.706528	5.678407	-3.560909
 - 	798	20.949135	5.378448	-3.644948
 - 	799	18.416027	5.011765	-3.164485
 - 	800	16.225027	4.557540	-2.245860
 - 	801	14.539118	4.033940	-1.176590
 - 	802	13.564562	3.469317	-0.240563
 - 	803	13.505219	2.874546	0.331665
 - 	804	14.519364	2.243561	0.341330
 - 	805	16.705996	1.579914	-0.309336
 - 	806	20.081129	0.931293	-1.516806
 - 	807	24.523859	0.408688	-3.049886
 - 	808	29.754498	0.167991	-4.725866
 - 	809	35.414261	0.337597	-6.404987
 - 	810	41.206993	0.907392	-7.818581
 - 	811	46.970474	1.680685	-8.571831
 - 	812	52.619789	2.403402	-8.447621
 - 	813	58.071320	2.968998	-7.683408
 - 	814	63.262741	3.436406	-6.836429
 - 	815	68.210823	3.859003	-6.299516
 - 	816	72.974152	4.206302	-5.969061
 - 	817	77.533493	4.447052	-5.440633
 - 	818	81.727242	4.590778	-4.508816
 - 	819	85.302238	4.644241	-3.403484
 - 	820	88.012711	4.609818	-2.536579
 - 	821	89.689148	4.523555	-2.101902
 - 	822	90.258476	4.447710	-1.967415
 - 	823	89.734146	4.421764	-1.908023
 - 	824	88.194290	4.429187	-1.873160
 - 	825	85.749161	4.414110	-2.008029
 - 	826	82.497841	4.329318	-2.457378
 - 	827	78.497498	4.156051	-3.216500
 - 	828	73.769020	3.875286	-4.176145
 - 	829	68.329941	3.441215	-5.230420
 - 	830	62.229126	2.809013	-6.281818
 - 	831	55.565300	2.008963	-7.168479
 - 	832	48.478951	1.192287	-7.657597
 - 	833	41.137741	0.566596	-7.588553
 - 	834	33.760567	0.252301	-7.066387
 - 	835	26.678577	0.214665	-6.471924
 - 	836	20.366884	0.352213	-6.217374
 - 	837	15.388592	0.619522	-6.487503
 - 	838	12.248405	1.028790	-7.162625
 - 	839	11.203374	1.550512	-7.839782
 - 	840	12.129547	2.059289	-7.958658
 - 	841	14.569426	2.415747	-7.193115
 - 	842	17.991106	2.630456	-5.853759
 - 	843	22.070707	2.941447	-4.744176
 - 	844	26.711493	3.666633	-4.489362
 - 	845	31.767151	4.889921	-4.998385
 - 	846	36.786636	6.245342	-5.534161
 - 	847	41.074429	7.075251	-5.268349
 - 	848	44.011383	6.952892	-3.887454
 - 	849	45.355724	6.121009	-1.841144
 - 	850	45.307480	5.334915	-0.049735
 - 	851	44.311333	5.207878	0.738868
 - 	852	42.757164	5.739088	0.459836
 - 	853	40.817352	6.441648	-0.286763
 - 	854	38.522797	6.810997	-0.771943
 - 	855	35.924942	6.679623	-0.757292
 - 	856	33.137718	6.247689	-0.629789
 - 	857	30.264931	5.833192	-0.923096
 - 	858	27.364170	5.588509	-1.767410
 - 	859	24.495874	5.444451	-2.811079
 - 	860	21.771540	5.263140	-3.539711
 - 	861	19.342842	4.968837	-3.610945
 - 	862	17.371878	4.548664	-2.999598
 - 	863	16.023037	4.010673	-1.952541
 - 	864	15.452116	3.374137	-0.846350
 - 	865	15.777766	2.665756	-0.054650
 - 	866	17.065971	1.913067	0.130293
 - 	867	19.336018	1.176100	-0.451094
 - 	868	22.564590	0.589711	-1.764754
 - 	869	26.675533	0.329690	-3.549377
 - 	870	31.515650	0.517439	-5.398107
 - 	871	36.844070	1.162982	-6.932116
 - 	872	42.383919	2.145662	-7.901590
 - 	873	47.914524	3.195890	-8.160356
 - 	874	53.307087	3.985202	-7.682505
 - 	875	58.482521	4.357030	-6.688038
 - 	876	63.379238	4.443898	-5.643718
 - 	877	67.972397	4.496893	-4.966240
 - 	878	72.281136	4.635291	-4.676578
 - 	879	76.309898	4.789911	-4.422465
 - 	880	79.960037	4.845624	-3.887177
 - 	881	82.999641	4.803061	-3.126392
 - 	882	85.140427	4.795456	-2.474192
 - 	883	86.171127	4.940115	-2.192100
 - 	884	86.036133	5.190430	-2.284051
 - 	885	84.808289	5.367472	-2.619206
 - 	886	82.613113	5.320003	-3.133052
 - 	887	79.573753	5.014899	-3.851609
 - 	888	75.782715	4.497465	-4.760663
 - 	889	71.292053	3.819414	-5.731120
 - 	890	66.131500	3.009713	-6.582623
 - 	891	60.345272	2.098062	-7.164186
 - 	892	54.021130	1.171552	-7.366453
 - 	893	47.302620	0.390213	-7.132677
 - 	894	40.392975	-0.103208	-6.519884
 - 	895	33.568882	-0.293589	-5.737411
 - 	896	27.215223	-0.273691	-5.092691
 - 	897	21.836781	-0.120755	-4.867398
 - 	898	17.965757	0.158753	-5.160288
 - 	899	15.959180	0.566837	-5.761672
 - 	900	15.811859	1.058108	-6.239701
 - 	901	17.154007	1.571505	-6.280790
 - 	902	19.484993	2.083506	-5.923598
 - 	903	22.468922	2.613148	-5.392930
 - 	904	26.008017	3.215199	-4.833329
 - 	905	30.028044	3.979399	-4.308681
 - 	906	34.239113	4.943900	-3.868134
 - 	907	38.132343	5.929561	-3.425818
 - 	908	41.176826	6.541761	-2.711058
 - 	909	43.021835	6.486619	-1.538240
 - 	910	43.592628	5.905366	-0.118387
 - 	911	43.064491	5.309900	0.992265
 - 	912	41.732475	5.152829	1.309752
 - 	913	39.852356	5.472741	0.834355
 - 	914	37.565971	5.936265	0.042420
 - 	915	34.942146	6.184542	-0.588132
 - 	916	32.053619	6.120408	-1.020501
 - 	917	29.011818	5.885316	-1.566633
 - 	918	25.955675	5.642099	-2.412156
 - 	919	23.029551	5.436428	-3.321180
 - 	920	20.367617	5.218217	-3.797721
 - 	921	18.085358	4.924422	-3.524189
 - 	922	16.290991	4.532951	-2.680781
 - 	923	15.116974	4.057293	-1.824186
 - 	924	14.733538	3.497951	-1.401765
 - 	925	15.319677	2.815608	-1.419989
 - 	926	17.009340	1.994563	-1.667127
 - 	927	19.836462	1.162853	-2.176811
 - 	928	23.709801	0.603016	-3.252436
 - 	929	28.446621	0.547176	-4.971882
 - 	930	33.822887	0.951178	-6.859300
 - 	931	39.573120	1.562355	-8.214647
 - 	932	45.388824	2.196640	-8.676456
 - 	933	51.000839	2.821696	-8.347472
 - 	934	56.274635	3.422557	-7.554559
 - 	935	61.201561	3.972084	-6.680923
 - 	936	65.831680	4.490566	-6.042078
 - 	937	70.234879	4.972163	-5.662552
 - 	938	74.450256	5.299524	-5.241738
 - 	939	78.393822	5.355113	-4.504019
 - 	940	81.822037	5.190835	-3.541430
 - 	941	84.423508	5.015469	-2.717321
 - 	942	85.962631	5.016089	-2.287976
 - 	943	86.353104	5.207836	-2.218697
 - 	944	85.631500	5.445205	-2.344960
 - 	945	83.891647	5.562406	-2.606287
 - 	946	81.237869	5.488218	-3.086593
 - 	947	77.764328	5.225554	-3.882433
 - 	948	73.544296	4.761440	-4.977733
 - 	949	68.625572	4.042346	-6.220583
 - 	950	63.042858	3.039894	-7.359778
 - 	951	56.852024	1.837081	-8.092427
 - 	952	50.165588	0.661615	-8.166268
 - 	953	43.162132	-0.198531	-7.559447
 - 	954	36.076027	-0.582494	-6.579601
 - 	955	29.200520	-0.569108	-5.691530
 - 	956	22.913055	-0.363400	-5.197165
 - 	957	17.679653	-0.087394	-5.125622
 - 	958	13.978090	0.273221	-5.382473
 - 	959	12.135946	0.745371	-5.820520
 - 	960	12.168211	1.259726	-6.146187
 - 	961	13.734730	1.683599	-6.016577
 - 	962	16.292967	1.948869	-5.402597
 - 	963	19.399233	2.151862	-4.724254
 - 	964	22.938972	2.543438	-4.489808
 - 	965	27.038212	3.396585	-4.853369
 - 	966	31.695965	4.778225	-5.513291
 - 	967	36.505882	6.343774	-5.886653
 - 	968	40.755238	7.409640	-5.397149
 - 	969	43.790657	7.429595	-3.846805
 - 	970	45.325424	6.510858	-1.670124
 - 	971	45.497360	5.381561	0.265683
 - 	972	44.697617	4.777524	1.255748
 - 	973	43.304230	4.895150	1.219041
 - 	974	41.501385	5.408673	0.632763
 - 	975	39.303017	5.866745	0.056084
 - 	976	36.705448	6.018449	-0.327627
 - 	977	33.788910	5.877704	-0.748871
 - 	978	30.706108	5.600389	-1.452930
 - 	979	27.624506	5.326097	-2.329301
 - 	980	24.679951	5.096620	-2.980083
 - 	981	21.965218	4.869082	-3.078286
 - 	982	19.564150	4.578571	-2.616322
 - 	983	17.601986	4.193311	-1.903916
 - 	984	16.260616	3.715853	-1.378001
 - 	985	15.744812	3.138695	-1.307121
 - 	986	16.233198	2.427366	-1.613719
 - 	987	17.848011	1.575291	-2.052030
 - 	988	20.633888	0.685201	-2.557425
 - 	989	24.517492	0.004142	-3.324475
 - 	990	29.276199	-0.146212	-4.540908
 - 	991	34.589233	0.425137	-6.095201
 - 	992	40.162582	1.558080	-7.528313
 - 	993	45.803551	2.776170	-8.285858
 - 	994	51.377048	3.633879	-8.101418
 - 	995	56.741646	4.037603	-7.192912
 - 	996	61.775883	4.219519	-6.102482
 - 	997	66.453644	4.445751	-5.307822
 - 	998	70.846474	4.774877	-4.893768
 - 	999	75.014954	5.061527	-4.560771
 - 	1000	78.880264	5.151570	-3.992697
 - 	1001	82.198181	5.065480	-3.215775
 - 	1002	84.664566	4.994223	-2.561118
 - 	1003	86.062714	5.112486	-2.316962
 - 	1004	86.334564	5.404536	-2.494432
 - 	1005	85.539207	5.683675	-2.912185
 - 	1006	83.768562	5.762102	-3.416658
 - 	1007	81.106018	5.575953	-3.984681
 - 	1008	77.635208	5.166376	-4.659532
 - 	1009	73.445015	4.593266	-5.447286
 - 	1010	68.606506	3.887931	-6.286802
 - 	1011	63.153942	3.065332	-7.073979
 - 	1012	57.105858	2.166137	-7.669445
 - 	1013	50.518612	1.291136	-7.901216
 - 	1014	43.530304	0.579296	-7.631886
 - 	1015	36.368530	0.125557	-6.895212
 - 	1016	29.347462	-0.070696	-5.989405
 - 	1017	22.884270	-0.055263	-5.384571
 - 	1018	17.495569	0.155494	-5.443563
 - 	1019	13.703699	0.558231	-6.144641
 - 	1020	11.862724	1.093649	-7.031262
 - 	1021	12.015680	1.655868	-7.494405
 - 	1022	13.907169	2.189545	-7.241120
 - 	1023	17.168310	2.747755	-6.515876
 - 	1024	21.510418	3.436145	-5.799291
 - 	1025	26.707508	4.306346	-5.332878
 - 	1026	32.383118	5.276542	-4.980943
 - 	1027	37.883141	6.103083	-4.422506
 - 	1028	42.429489	6.472882	-3.395437
 - 	1029	45.444412	6.264206	-1.909120
 - 	1030	46.793747	5.748239	-0.367446
 - 	1031	46.778046	5.414418	0.602193
 - 	1032	45.879429	5.548178	0.617922
 - 	1033	44.462570	6.032662	-0.111541
 - 	1034	42.665489	6.528612	-0.959075
 - 	1035	40.506584	6.765114	-1.413947
 - 	1036	38.019447	6.697337	-1.456863
 - 	1037	35.281437	6.474879	-1.461530
 - 	1038	32.382030	6.276900	-1.793970
 - 	1039	29.406235	6.167135	-2.518474
 - 	1040	26.438648	6.078040	-3.395659
 - 	1041	23.578289	5.872015	-4.036482
 - 	1042	20.954275	5.416139	-4.077671
 - 	1043	18.717072	4.675592	-3.389008
 - 	1044	17.012911	3.772328	-2.233432
 - 	1045	15.988982	2.916970	-1.176923
 - 	1046	15.826849	2.252536	-0.769844
 - 	1047	16.738457	1.764619	-1.275317
 - 	1048	18.897442	1.346583	-2.585946
 - 	1049	22.346783	0.946866	-4.298310
 - 	1050	26.936806	0.640954	-5.935401
 - 	1051	32.338467	0.562017	-7.200049
 - 	1052	38.145653	0.787631	-8.033661
 - 	1053	44.006966	1.287967	-8.468019
 - 	1054	49.697929	1.933332	-8.485615
 - 	1055	55.110153	2.558587	-8.041917
 - 	1056	60.204948	3.092618	-7.215655
 - 	1057	64.982727	3.624884	-6.294649
 - 	1058	69.475945	4.267239	-5.606696
 - 	1059	73.726501	4.947371	-5.208095
 - 	1060	77.718590	5.421370	-4.821770
 - 	1061	81.307983	5.520919	-4.164922
 - 	1062	84.224899	5.339568	-3.283022
 - 	1063	86.172356	5.139561	-2.493724
 - 	1064	86.956497	5.095887	-2.067766
 - 	1065	86.553268	5.165503	-2.052401
 - 	1066	85.072449	5.186818	-2.361089
 - 	1067	82.667236	5.040021	-2.921498
 - 	1068	79.458481	4.699093	-3.703528
 - 	1069	75.504860	4.198987	-4.668918
 - 	1070	70.822708	3.597449	-5.754197
 - 	1071	65.431870	2.944656	-6.879559
 - 	1072	59.380665	2.277636	-7.917208
 - 	1073	52.741550	1.659499	-8.656678
 - 	1074	45.626495	1.191096	-8.867857
 - 	1075	38.240162	0.924297	-8.456923
 - 	1076	30.906889	0.789331	-7.580676
 - 	1077	24.029778	0.685654	-6.603870
 - 	1078	18.045954	0.627910	-5.930765
 - 	1079	13.423372	0.726500	-5.824639
 - 	1080	10.606386	1.039878	-6.262926
 - 	1081	9.831627	1.509129	-6.877373
 - 	1082	10.941641	2.023801	-7.147462
 - 	1083	13.426767	2.509849	-6.829777
 - 	1084	16.743347	2.974764	-6.178574
 - 	1085	20.642750	3.516442	-5.659346
 - 	1086	25.161057	4.284469	-5.517247
 - 	1087	30.254930	5.350259	-5.643641
 - 	1088	35.481148	6.519625	-5.668367
 - 	1089	40.074318	7.305055	-5.111746
 - 	1090	43.337540	7.263076	-3.696672
 - 	1091	44.985565	6.465131	-1.725059
 - 	1092	45.200897	5.538532	-0.049001
 - 	1093	44.418381	5.151368	0.527181
 - 	1094	43.030067	5.488225	-0.108459
 - 	1095	41.238678	6.201465	-1.296032
 - 	1096	39.121773	6.762774	-2.147203
 - 	1097	36.751026	6.865362	-2.246217
 - 	1098	34.218826	6.589201	-1.911381
 - 	1099	31.598068	6.230633	-1.783676
 - 	1100	28.926043	5.988753	-2.181739
 - 	1101	26.230278	5.831251	-2.881144
 - 	1102	23.556938	5.619605	-3.415858
 - 	1103	20.982159	5.281877	-3.454459
 - 	1104	18.622305	4.842978	-2.927778
 - 	1105	16.642075	4.348699	-1.989314
 - 	1106	15.234899	3.814703	-0.963617
 - 	1107	14.587639	3.223762	-0.252573
 - 	1108	14.865527	2.534202	-0.157677
 - 	1109	16.206188	1.730245	-0.737198
 - 	1110	18.688025	0.920468	-1.837804
 - 	1111	22.280758	0.357433	-3.257058
 - 	1112	26.820890	0.273980	-4.829451
 - 	1113	32.040596	0.664765	-6.351740
 - 	1114	37.635735	1.270854	-7.535480
 - 	1115	43.333115	1.802073	-8.123272
 - 	1116	48.931549	2.140527	-8.038557
 - 	1117	54.309723	2.353998	-7.444870
 - 	1118	59.406887	2.612475	-6.710454
 - 	1119	64.207932	3.087648	-6.218676
 - 	1120	68.747810	3.809848	-6.056814
 - 	1121	73.082420	4.583602	-5.911479
 - 	1122	77.189041	5.118534	-5.396451
 - 	1123	80.882446	5.273971	-4.486888
 - 	1124	83.861008	5.149610	-3.548034
 - 	1125	85.854546	4.957163	-2.952795
 - 	1126	86.737404	4.843562	-2.766817
 - 	1127	86.529572	4.817313	-2.816851
 - 	1128	85.323608	4.791732	-2.963535
 - 	1129	83.214287	4.679359	-3.235587
 - 	1130	80.270142	4.457161	-3.742954
 - 	1131	76.540138	4.151923	-4.543015
 - 	1132	72.071983	3.768891	-5.601925
 - 	1133	66.920097	3.251733	-6.812169
 - 	1134	61.138519	2.538553	-7.975737
 - 	1135	54.781506	1.668952	-8.784328
 - 	1136	47.933846	0.818006	-8.913998
 - 	1137	40.753830	0.195159	-8.249637
 - 	1138	33.491096	-0.098482	-7.064021
 - 	1139	26.484852	-0.102998	-5.942045
 - 	1140	20.175121	0.093593	-5.461282
 - 	1141	15.096519	0.440140	-5.862970
 - 	1142	11.774879	0.907334	-6.901492
 - 	1143	10.519985	1.429084	-7.911896
 - 	1144	11.229935	1.894260	-8.137606
 - 	1145	13.383903	2.210823	-7.267632
 - 	1146	16.322468	2.396678	-5.755648
 - 	1147	19.653557	2.619058	-4.475293
 - 	1148	23.404388	3.123286	-3.999357
 - 	1149	27.732567	4.063157	-4.250401
 - 	1150	32.484715	5.315991	-4.704290
 - 	1151	37.057995	6.432985	-4.737325
 - 	1152	40.680088	6.881312	-3.915268
 - 	1153	42.822144	6.497147	-2.297187
 - 	1154	43.410389	5.721633	-0.562547
 - 	1155	42.739647	5.272300	0.392876
 - 	1156	41.224609	5.507978	0.204396
 - 	1157	39.189919	6.142562	-0.632143
 - 	1158	36.811829	6.590157	-1.267026
 - 	1159	34.178078	6.533230	-1.334489
 - 	1160	31.358738	6.121973	-1.228841
 - 	1161	28.436283	5.692426	-1.548860
 - 	1162	25.514412	5.411888	-2.389773
 - 	1163	22.713663	5.218825	-3.265539
 - 	1164	20.146246	4.993145	-3.610240
 - 	1165	17.900522	4.689050	-3.223519
 - 	1166	16.066090	4.328702	-2.308651
 - 	1167	14.772834	3.935403	-1.257362
 - 	1168	14.198326	3.488466	-0.443628
 - 	1169	14.533901	2.929541	-0.119691
 - 	1170	15.926955	2.228551	-0.392308
 - 	1171	18.430208	1.467086	-1.258489
 - 	1172	21.991848	0.835256	-2.654248
 - 	1173	26.482130	0.508472	-4.422215
 - 	1174	31.709438	0.541660	-6.235699
 - 	1175	37.411572	0.901260	-7.668541
 - 	1176	43.273067	1.532651	-8.410730
 - 	1177	48.997765	2.344785	-8.405648
 - 	1178	54.389172	3.198337	-7.834193
 - 	1179	59.386902	3.963394	-7.035247
 - 	1180	64.051918	4.561990	-6.357714
 - 	1181	68.502472	4.963720	-5.933570
 - 	1182	72.813118	5.167182	-5.566032
 - 	1183	76.923248	5.176939	-4.939882
 - 	1184	80.610886	5.020143	-3.992383
 - 	1185	83.560165	4.800425	-3.015213
 - 	1186	85.494064	4.675439	-2.360794
 - 	1187	86.282272	4.738513	-2.122830
 - 	1188	85.949341	4.940108	-2.157111
 - 	1189	84.602348	5.128876	-2.348603
 - 	1190	82.355011	5.156464	-2.752031
 - 	1191	79.292160	4.952326	-3.460482
 - 	1192	75.468300	4.517330	-4.432417
 - 	1193	70.922394	3.866742	-5.506113
 - 	1194	65.694786	3.006711	-6.517112
 - 	1195	59.838394	1.987254	-7.327234
 - 	1196	53.427258	0.972191	-7.780487
 - 	1197	46.568714	0.208094	-7.737345
 - 	1198	39.420181	-0.133939	-7.213928
 - 	1199	32.214012	-0.090098	-6.471188
 - 	1200	25.289322	0.152711	-5.909347
 - 	1201	19.102573	0.439606	-5.830470
 - 	1202	14.178289	0.747948	-6.280828
 - 	1203	10.991493	1.126176	-7.055036
 - 	1204	9.809467	1.582183	-7.753002
 - 	1205	10.560400	2.045336	-7.895927
 - 	1206	12.839592	2.426069	-7.235368
 - 	1207	16.116179	2.716791	-6.050068
 - 	1208	20.017372	3.043772	-4.982578
 - 	1209	24.429173	3.607119	-4.497585
 - 	1210	29.297562	4.520816	-4.556602
 - 	1211	34.334797	5.639874	-4.739297
 - 	1212	38.947437	6.538998	-4.530968
 - 	1213	42.471535	6.781426	-3.593703
 - 	1214	44.509148	6.323224	-2.009724
 - 	1215	45.094727	5.620130	-0.330773
 - 	1216	44.579197	5.260993	0.726814
 - 	1217	43.349537	5.500211	0.768010
 - 	1218	41.627247	6.129788	0.006364
 - 	1219	39.481152	6.716396	-0.914471
 - 	1220	36.956841	6.937881	-1.477563
 - 	1221	34.150166	6.761191	-1.707931
 - 	1222	31.183720	6.368961	-1.995193
 - 	1223	28.163528	5.960161	-2.568221
 - 	1224	25.182327	5.615838	-3.231005
 - 	1225	22.354765	5.294728	-3.554816
 - 	1226	19.822903	4.914469	-3.249069
 - 	1227	17.724449	4.439916	-2.381440
 - 	1228	16.182175	3.902231	-1.314180
 - 	1229	15.336573	3.339663	-0.455823
 - 	1230	15.370351	2.736499	-0.039234
 - 	1231	16.470980	2.041515	-0.059664
 - 	1232	18.737837	1.264748	-0.390126
 - 	1233	22.104736	0.562940	-1.016613
 - 	1234	26.359173	0.209840	-2.158633
 - 	1235	31.253139	0.430987	-3.993178
 - 	1236	36.589443	1.220800	-6.210004
 - 	1237	42.203506	2.311922	-8.035453
 - 	1238	47.911610	3.330107	-8.793717
 - 	1239	53.516224	4.009018	-8.378328
 - 	1240	58.849464	4.333015	-7.246899
 - 	1241	63.816261	4.513396	-6.077709
 - 	1242	68.428360	4.770954	-5.328054
 - 	1243	72.775414	5.102024	-4.954552
 - 	1244	76.897797	5.293524	-4.555345
 - 	1245	80.659760	5.181355	-3.837476
 - 	1246	83.761833	4.846936	-2.923031
 - 	1247	85.895004	4.534212	-2.184849
 - 	1248	86.894859	4.407135	-1.864203
 - 	1249	86.766884	4.416233	-1.928913
 - 	1250	85.599030	4.380029	-2.252275
 - 	1251	83.476738	4.164371	-2.791373
 - 	1252	80.465538	3.778315	-3.548837
 - 	1253	76.632217	3.316843	-4.469772
 - 	1254	72.055702	2.843864	-5.459247
 - 	1255	66.812958	2.348100	-6.439574
 - 	1256	60.959274	1.799699	-7.319098
 - 	1257	54.537685	1.230675	-7.945681
 - 	1258	47.627892	0.746047	-8.163148
 - 	1259	40.394848	0.444661	-7.926665
 - 	1260	33.096149	0.335556	-7.355118
 - 	1261	26.071693	0.351034	-6.695277
 - 	1262	19.752178	0.438996	-6.254409
 - 	1263	14.648351	0.619620	-6.300005
 - 	1264	11.261094	0.944172	-6.873309
 - 	1265	9.934896	1.409730	-7.610710
 - 	1266	10.734638	1.923183	-7.866419
 - 	1267	13.408183	2.363967	-7.232149
 - 	1268	17.464272	2.709440	-5.965552
 - 	1269	22.336761	3.089241	-4.746699
 - 	1270	27.524147	3.657363	-3.990463
 - 	1271	32.604210	4.381952	-3.523697
 - 	1272	37.160542	5.002828	-2.901474
 - 	1273	40.759102	5.256194	-1.892584
 - 	1274	43.049126	5.164583	-0.689657
 - 	1275	43.911495	5.070066	0.223221
 - 	1276	43.514957	5.324654	0.433445
 - 	1277	42.222084	5.939603	-0.047759
 - 	1278	40.406364	6.566504	-0.755719
 - 	1279	38.293537	6.820774	-1.143135
 - 	1280	35.919498	6.604385	-1.052456
 - 	1281	33.225174	6.132529	-0.841967
 - 	1282	30.209244	5.701980	-1.000618
 - 	1283	27.006405	5.455782	-1.636043
 - 	1284	23.829151	5.328397	-2.385154
 - 	1285	20.853437	5.166008	-2.783920
 - 	1286	18.179062	4.881040	-2.634774
 - 	1287	15.890524	4.496663	-2.052160
 - 	1288	14.125897	4.075372	-1.299091
 - 	1289	13.073493	3.639940	-0.646378
 - 	1290	12.909748	3.156415	-0.300654
 - 	1291	13.745799	2.568999	-0.345643
 - 	1292	15.626394	1.859924	-0.737583
 - 	1293	18.551861	1.112424	-1.423268
 - 	1294	22.457840	0.537661	-2.469976
 - 	1295	27.168030	0.402185	-3.998046
 - 	1296	32.420670	0.841697	-5.921204
 - 	1297	37.979034	1.711710	-7.789669
 - 	1298	43.689896	2.678719	-8.990657
 - 	1299	49.422337	3.483855	-9.165123
 - 	1300	55.006981	4.079288	-8.450582
 - 	1301	60.286026	4.538094	-7.365509
 - 	1302	65.208893	4.909444	-6.447155
 - 	1303	69.838615	5.154674	-5.884231
 - 	1304	74.236755	5.184540	-5.441463
 - 	1305	78.330673	4.970821	-4.788111
 - 	1306	81.894897	4.626290	-3.901787
 - 	1307	84.661072	4.346490	-3.094715
 - 	1308	86.442215	4.267902	-2.664877
 - 	1309	87.168228	4.392611	-2.618726
 - 	1310	86.844727	4.622705	-2.759725
 - 	1311	85.512138	4.833477	-2.947303
 - 	1312	83.240723	4.931908	-3.192346
 - 	1313	80.126350	4.881540	-3.567099
 - 	1314	76.254272	4.676710	-4.118900
 - 	1315	71.664825	4.289034	-4.847698
 - 	1316	66.373917	3.649365	-5.684597
 - 	1317	60.431259	2.705841	-6.470242
 - 	1318	53.948410	1.534917	-6.986354
 - 	1319	47.077896	0.395750	-7.060037
 - 	1320	39.991562	-0.392677	-6.687817
 - 	1321	32.897587	-0.681552	-6.068007
 - 	1322	26.083454	-0.573960	-5.497802
 - 	1323	19.944439	-0.262621	-5.238693
 - 	1324	14.959797	0.153905	-5.439600
 - 	1325	11.590018	0.665333	-6.057103
 - 	1326	10.105680	1.236468	-6.761984
 - 	1327	10.440206	1.779316	-7.048821
 - 	1328	12.216581	2.232883	-6.633543
 - 	1329	14.996985	2.628798	-5.728582
 - 	1330	18.558277	3.073204	-4.815696
 - 	1331	22.893940	3.690756	-4.228198
 - 	1332	27.907700	4.562823	-4.025772
 - 	1333	33.129196	5.614703	-4.051498
 - 	1334	37.780125	6.518690	-3.926356
 - 	1335	41.144592	6.850762	-3.203147
 - 	1336	42.902126	6.504137	-1.822668
 - 	1337	43.167686	5.904228	-0.392692
 - 	1338	42.288620	5.671325	0.216826
 - 	1339	40.627312	6.041135	-0.309558
 - 	1340	38.471783	6.670727	-1.368626
 - 	1341	36.030323	7.019233	-2.012753
 - 	1342	33.423794	6.865274	-1.898456
 - 	1343	30.687508	6.422071	-1.536930
 - 	1344	27.822693	6.014566	-1.614552
 - 	1345	24.866016	5.751577	-2.272674
 - 	1346	21.929379	5.513088	-3.077080
 - 	1347	19.202358	5.153342	-3.467825
 - 	1348	16.918497	4.655008	-3.171732
 - 	1349	15.299693	4.111932	-2.341243
 - 	1350	14.522676	3.604689	-1.409571
 - 	1351	14.723244	3.113472	-0.813964
 - 	1352	15.999338	2.549486	-0.801150
 - 	1353	18.388695	1.846973	-1.372303
 - 	1354	21.846283	1.017667	-2.336807
 - 	1355	26.246042	0.169294	-3.479251
 - 	1356	31.400312	-0.468984	-4.714655
 - 	1357	37.084869	-0.587614	-6.034295
 - 	1358	43.067764	0.005857	-7.320264
 - 	1359	49.137321	1.184239	-8.297175
 - 	1360	55.116966	2.558799	-8.676025
 - 	1361	60.864449	3.766584	-8.335844
 - 	1362	66.278816	4.669012	-7.424928
 - 	1363	71.328270	5.285309	-6.309465
 - 	1364	76.053421	5.616306	-5.342158
 - 	1365	80.491325	5.608183	-4.616266
 - 	1366	84.560036	5.286666	-3.968458
 - 	1367	88.020889	4.852684	-3.234751
 - 	1368	90.572510	4.578345	-2.461694
 - 	1369	91.997025	4.600552	-1.863750
 - 	1370	92.234207	4.834980	-1.637708
 - 	1371	91.341782	5.089858	-1.848465
 - 	1372	89.409843	5.238708	-2.441550
 - 	1373	86.521240	5.272887	-3.305170
 - 	1374	82.767120	5.227791	-4.324273
 - 	1375	78.252548	5.105368	-5.413721
 - 	1376	73.066673	4.843502	-6.503734
 - 	1377	67.269943	4.319249	-7.470932
 - 	1378	60.924721	3.437700	-8.098977
 - 	1379	54.125008	2.297502	-8.163351
 - 	1380	47.002216	1.224831	-7.598256
 - 	1381	39.737122	0.547780	-6.597289
 - 	1382	32.595444	0.341527	-5.557517
 - 	1383	25.966112	0.442997	-4.897031
 - 	1384	20.354797	0.676528	-4.843613
 - 	1385	16.284828	0.995383	-5.305990
 - 	1386	14.119074	1.429770	-5.911175
 - 	1387	13.904137	1.986755	-6.233289
 - 	1388	15.365494	2.628079	-6.098730
 - 	1389	18.091997	3.300927	-5.672416
 - 	1390	21.759003	3.966555	-5.201733
 - 	1391	26.151897	4.618979	-4.757294
 - 	1392	30.965349	5.266469	-4.258615
 - 	1393	35.644073	5.841830	-3.583303
 - 	1394	39.489563	6.149314	-2.590675
 - 	1395	41.948009	6.027447	-1.254359
 - 	1396	42.831470	5.616091	0.101121
 - 	1397	42.332031	5.338687	0.873883
 - 	1398	40.862328	5.522568	0.691791
 - 	1399	38.843750	6.086091	-0.183405
 - 	1400	36.559708	6.639083	-1.073191
 - 	1401	34.128841	6.847895	-1.513393
 - 	1402	31.573524	6.682608	-1.623576
 - 	1403	28.905836	6.348651	-1.867182
 - 	1404	26.167603	6.037395	-2.518714
 - 	1405	23.434662	5.773861	-3.380318
 - 	1406	20.820328	5.470811	-3.947556
 - 	1407	18.467539	5.066001	-3.816446
 - 	1408	16.523256	4.580154	-2.984565
 - 	1409	15.131672	4.060393	-1.830835
 - 	1410	14.452003	3.503831	-0.852812
 - 	1411	14.653986	2.860680	-0.409875
 - 	1412	15.869938	2.113865	-0.624684
 - 	1413	18.144440	1.349766	-1.452460
 - 	1414	21.436378	0.734161	-2.801247
 - 	1415	25.667339	0.397627	-4.511851
 - 	1416	30.731506	0.367568	-6.265411
 - 	1417	36.427681	0.638160	-7.706908
 - 	1418	42.432220	1.225571	-8.671434
 - 	1419	48.418785	2.064492	-9.132477
 - 	1420	54.200256	2.938049	-9.013086
 - 	1421	59.717693	3.653853	-8.280237
 - 	1422	64.942528	4.247252	-7.182254
 - 	1423	69.861076	4.868055	-6.150837
 - 	1424	74.510986	5.481532	-5.399631
 - 	1425	78.924606	5.830364	-4.754643
 - 	1426	82.999443	5.735488	-3.952782
 - 	1427	86.460663	5.337617	-3.009661
 - 	1428	88.982468	4.980942	-2.204628
 - 	1429	90.355110	4.896966	-1.768875
 - 	1430	90.549454	5.035734	-1.699529
 - 	1431	89.652916	5.167993	-1.871962
 - 	1432	87.772133	5.101906	-2.227946
 - 	1433	84.989311	4.809055	-2.800541
 - 	1434	81.369881	4.392337	-3.616982
 - 	1435	76.977997	3.966563	-4.647468
 - 	1436	71.882751	3.548516	-5.816134
 - 	1437	66.157272	3.032328	-6.983935
 - 	1438	59.872704	2.306361	-7.920485
 - 	1439	53.102455	1.428325	-8.363647
 - 	1440	45.951572	0.635692	-8.169312
 - 	1441	38.597580	0.146265	-7.442089
 - 	1442	31.324879	-0.007310	-6.532556
 - 	1443	24.546520	0.070206	-5.872540
 - 	1444	18.786131	0.290265	-5.763141
 - 	1445	14.585440	0.647669	-6.259151
 - 	1446	12.350518	1.154600	-7.128105
 - 	1447	12.198339	1.745143	-7.859934
 - 	1448	13.891421	2.276359	-7.913486
 - 	1449	16.949516	2.643533	-7.167699
 - 	1450	20.911676	2.897162	-6.051191
 - 	1451	25.520338	3.239738	-5.111573
 - 	1452	30.614447	3.882838	-4.552363
 - 	1453	35.850014	4.841258	-4.198793
 - 	1454	40.598675	5.820323	-3.721172
 - 	1455	44.178978	6.378386	-2.857757
 - 	1456	46.210335	6.315992	-1.623785
 - 	1457	46.768768	5.898086	-0.407679
 - 	1458	46.228546	5.627781	0.259143
 - 	1459	44.957653	5.814897	0.156601
 - 	1460	43.145699	6.362952	-0.411529
 - 	1461	40.868050	6.893519	-0.912728
 - 	1462	38.215336	7.062681	-1.093146
 - 	1463	35.303566	6.826918	-1.181511
 - 	1464	32.219978	6.419919	-1.596874
 - 	1465	29.037031	6.074184	-2.467699
 - 	1466	25.858425	5.817503	-3.465061
 - 	1467	22.806202	5.532314	-4.097526
 - 	1468	19.987083	5.125225	-4.094291
 - 	1469	17.511480	4.605964	-3.498468
 - 	1470	15.535001	4.047927	-2.535076
 - 	1471	14.258271	3.505034	-1.499940
 - 	1472	13.891214	2.959226	-0.706209
 - 	1473	14.618636	2.340425	-0.394278
 - 	1474	16.568176	1.604388	-0.617292
 - 	1475	19.764877	0.809213	-1.264033
 - 	1476	24.078255	0.145997	-2.284242
 - 	1477	29.211937	-0.103364	-3.795733
 - 	1478	34.797722	0.287375	-5.779885
 - 	1479	40.546837	1.296694	-7.763331
 - 	1480	46.308578	2.601918	-9.040364
 - 	1481	52.000336	3.758021	-9.203171
 - 	1482	57.535019	4.470806	-8.387672
 - 	1483	62.826225	4.751204	-7.127918
 - 	1484	67.829697	4.831362	-6.008526
 - 	1485	72.555443	4.910307	-5.279791
 - 	1486	77.013504	4.989552	-4.731693
 - 	1487	81.118896	4.974407	-4.021345
 - 	1488	84.651199	4.874652	-3.110404
 - 	1489	87.328011	4.827717	-2.297748
 - 	1490	88.928101	4.941649	-1.869546
 - 	1491	89.358192	5.177575	-1.841012
 - 	1492	88.638710	5.383705	-2.046864
 - 	1493	86.856995	5.402849	-2.371210
 - 	1494	84.121582	5.159776	-2.820866
 - 	1495	80.523262	4.696692	-3.432667
 - 	1496	76.121475	4.131414	-4.198766
 - 	1497	70.965080	3.545873	-5.076460
 - 	1498	65.115547	2.914270	-5.988918
 - 	1499	58.649857	2.176613	-6.781258
 - 	1500	51.665298	1.379981	-7.234377
 - 	1501	44.306343	0.693909	-7.199297
 - 	1502	36.806282	0.265395	-6.738116
 - 	1503	29.535484	0.103902	-6.106711
 - 	1504	23.016109	0.134212	-5.584485
 - 	1505	17.778643	0.308657	-5.322533
 - 	1506	13.983907	0.617330	-5.316965
 - 	1507	11.065844	1.018034	-5.453960
